9.270622 
9.252858 
9.253800 
9.237165 
9.232643 
9.258419 
9.235701 
9.169094 
9.151686 
9.156273 
8.928703 
7.592766 
7.734893 
7.253906 
7.943544 
7.864197 
6.237992 
7.073130 
6.713633 
7.264512 
7.815003 
6.760232 
7.222009 
7.616542 
7.072009 
7.299524 
6.315902 
7.198244 
6.527850 
6.307906 
7.150304 
6.965031 
6.768760 
6.896385 
6.430775 
6.863556 
6.804985 
6.546507 
6.596583 
7.524687 
7.022142 
7.146934 
6.125034 
6.882862 
7.037700 
6.650536 
6.496624 
7.145770 
6.584175 
6.999480 
6.693444 
7.261612 
6.324454 
6.825478 
7.483408 
7.087473 
6.651239 
6.575825 
7.066718 
6.352617 
6.838086 
6.761350 
6.990613 
6.583419 
6.892163 
6.639395 
6.542433 
7.043945 
6.883615 
6.604185 
6.243854 
6.152288 
6.374951 
6.769659 
6.947373 
6.680486 
6.990644 
6.339626 
6.648293 
6.560090 
6.149071 
6.966162 
9.132433 
8.982105 
8.429445 
6.925434 
6.544618 
7.285345 
6.299953 
6.656831 
6.017996 
6.635421 
6.376468 
6.179869 
6.355013 
6.351357 
7.064735 
7.289202 
5.829888 
6.737896 
6.159141 
6.698637 
7.112506 
6.255513 
6.807314 
7.140661 
6.767744 
6.808539 
6.214724 
7.051064 
6.353941 
6.090547 
6.901629 
6.764185 
6.566538 
6.635772 
6.241118 
6.461738 
6.546329 
6.317506 
6.404207 
7.174235 
6.866489 
6.790916 
6.076371 
6.761378 
6.925317 
6.492739 
6.418221 
6.860132 
6.546719 
6.908516 
6.582909 
7.072630 
6.268613 
6.602319 
7.227538 
6.964976 
6.559712 
6.552739 
6.899820 
6.352523 
6.635044 
6.659099 
6.950203 
6.505735 
6.857830 
6.549749 
6.483256 
7.018585 
6.698723 
6.573707 
6.096066 
6.109612 
6.302283 
6.632617 
6.834939 
6.657392 
6.896280 
6.325147 
6.557272 
6.573862 
6.033545 
6.979622 
6.974876 
5.980519 
6.358222 
6.471253 
6.411597 
6.922266 
6.051805 
6.463282 
5.934309 
6.363232 
6.140377 
6.115069 
6.200603 
6.227151 
6.958688 
7.015908 
5.626942 
6.502417 
5.908213 
6.565530 
6.934878 
6.025372 
6.528708 
6.780199 
6.554601 
6.627837 
6.086665 
6.904124 
6.178653 
5.836397 
6.623387 
6.603027 
6.535642 
6.509604 
6.059781 
6.140440 
6.321470 
6.143863 
6.233801 
6.893418 
6.605360 
6.681012 
6.052725 
6.561251 
6.720425 
6.377592 
6.182229 
6.652740 
6.469269 
6.698621 
6.330941 
6.915133 
6.022016 
6.422400 
7.120341 
6.748920 
6.458868 
6.497452 
6.843232 
6.271762 
6.449001 
6.477596 
6.979222 
6.274271 
6.890075 
6.384870 
6.394457 
6.953856 
6.395471 
6.547017 
5.859484 
6.209815 
6.131813 
6.464547 
6.685834 
6.407461 
6.695658 
6.274110 
6.415245 
6.551684 
5.829982 
7.045100 
6.889923 
5.592528 
6.202842 
6.252202 
6.219330 
6.631820 
5.890401 
6.256909 
5.922025 
6.180255 
5.909262 
5.902821 
5.973768 
6.094040 
6.923184 
6.862011 
5.368420 
6.338703 
5.744221 
6.404575 
6.810088 
5.815220 
6.343030 
6.577119 
6.409336 
6.539837 
5.924125 
6.875034 
6.053756 
5.640290 
6.425659 
6.422003 
6.475235 
6.381857 
5.951687 
5.807158 
6.151347 
6.013481 
6.126972 
6.636920 
6.425360 
6.571861 
6.064456 
6.412042 
6.537348 
6.312894 
6.043365 
6.488362 
6.388603 
6.528038 
6.291924 
6.853559 
5.800632 
6.283923 
6.986843 
6.571844 
6.367479 
6.453034 
6.557500 
5.859175 
6.291471 
6.416707 
7.019312 
6.045548 
6.579275 
6.187134 
6.238512 
6.653403 
6.220340 
6.462511 
5.785411 
6.189283 
5.945856 
6.234561 
6.585494 
6.100646 
6.737670 
6.063234 
6.239663 
6.405434 
5.775766 
6.930978 
6.706203 
5.210157 
6.293179 
6.085464 
5.959452 
6.388629 
5.715683 
5.821736 
5.858158 
6.010656 
5.688700 
5.626005 
5.702266 
5.800355 
6.733637 
6.673007 
5.083965 
6.157316 
5.696112 
6.178442 
6.654819 
5.555627 
6.103435 
6.351491 
6.012547 
6.519564 
5.627092 
6.794621 
5.556490 
5.337810 
6.349220 
6.010426 
6.291512 
6.135115 
5.791078 
5.357646 
6.015697 
5.775983 
5.823272 
6.163663 
6.008713 
6.340092 
6.030198 
5.944278 
6.110580 
5.985682 
5.721357 
6.136954 
6.087038 
6.299793 
6.169913 
6.654593 
5.564378 
5.875034 
6.315948 
6.153528 
5.929759 
5.922750 
5.891875 
5.206031 
5.957572 
6.113676 
6.925243 
5.601735 
5.946381 
5.843450 
5.945001 
5.932358 
6.006329 
6.242749 
5.507898 
5.924388 
5.527769 
5.746745 
6.178646 
5.685259 
6.792680 
5.758482 
5.713818 
5.879744 
5.887500 
6.490711 
6.136489 
4.884904 
6.198438 
5.862729 
5.669261 
6.177187 
5.315836 
5.307309 
5.629768 
5.745295 
5.031908 
5.191924 
5.242883 
5.447369 
6.418771 
6.531918 
5.046250 
5.567259 
5.642770 
5.703417 
6.294308 
5.220850 
5.758397 
6.159373 
5.413549 
6.285563 
5.092846 
6.303416 
5.189259 
5.100597 
6.170280 
5.632571 
5.928638 
5.729801 
5.388153 
5.068542 
5.692845 
5.528003 
5.297224 
5.668099 
5.374969 
6.211221 
5.914017 
5.543002 
5.784210 
5.434525 
5.292533 
5.834989 
5.531392 
5.908686 
6.232068 
6.300620 
5.415088 
5.045583 
5.768168 
5.616979 
5.581939 
5.303662 
5.526491 
4.714887 
5.485141 
5.756217 
6.891448 
5.277033 
5.494422 
5.537896 
5.516188 
5.648537 
5.777623 
5.675021 
5.112747 
5.825084 
4.982451 
5.400029 
5.677859 
5.354969 
6.686541 
5.495321 
5.356789 
5.395502 
5.681170 
6.124243 
5.864620 
4.330760 
5.873236 
5.300717 
5.363461 
5.792625 
4.990045 
4.788935 
5.192830 
5.424373 
4.322265 
4.655522 
5.010392 
5.219211 
6.000300 
6.273477 
4.826554 
5.216476 
5.120086 
5.117683 
5.776168 
4.994775 
5.290316 
5.751324 
4.992484 
5.806736 
4.675875 
5.731865 
4.908612 
4.799688 
5.946882 
5.433834 
5.496411 
5.427665 
5.003057 
4.731659 
5.361773 
5.433535 
4.635028 
5.333710 
4.964476 
5.902731 
5.437328 
5.064310 
5.367569 
4.880672 
4.836596 
5.646669 
4.929476 
5.350684 
6.219542 
5.874074 
5.251518 
4.161640 
5.267466 
5.311039 
5.232398 
4.855452 
5.234431 
4.293930 
5.077627 
5.517489 
6.902265 
4.925241 
5.008623 
5.331275 
4.926166 
5.467399 
5.398075 
5.087029 
4.774233 
5.534143 
4.483811 
5.046781 
5.326831 
4.919637 
6.517056 
5.138891 
4.927698 
5.015278 
5.323601 
5.687046 
5.822519 
3.984105 
5.413233 
4.846910 
5.153375 
5.400582 
4.603152 
4.271234 
4.786444 
4.988506 
3.513865 
3.923818 
4.457492 
4.743287 
5.512535 
5.786234 
4.446177 
4.636133 
4.315340 
4.641066 
5.516649 
4.856963 
4.830139 
5.399541 
4.466492 
5.178757 
4.097072 
5.095394 
4.485964 
4.574971 
5.541316 
5.234263 
4.859015 
5.001210 
4.580462 
4.191191 
4.926188 
5.072782 
3.954366 
5.192734 
4.778138 
5.488056 
5.208652 
4.636281 
4.598126 
4.542633 
4.356226 
5.348590 
4.356142 
4.880584 
5.982097 
5.326713 
4.996153 
3.559932 
4.830931 
4.950154 
4.781842 
4.475115 
4.787684 
3.880936 
4.568262 
5.117935 
6.530941 
4.670330 
4.464691 
5.033043 
4.513240 
5.022454 
5.058587 
4.541412 
4.371659 
4.971889 
4.019607 
4.364609 
4.963736 
4.471193 
6.088073 
4.794794 
4.270617 
4.541278 
5.242876 
5.204041 
5.853379 
3.666022 
5.177777 
4.396969 
4.775084 
4.888682 
4.134736 
3.918862 
4.425338 
4.497643 
2.879388 
2.955003 
3.722094 
4.116747 
4.744531 
5.112497 
3.912213 
3.986274 
3.859942 
4.243519 
5.147885 
4.447574 
4.225763 
5.038644 
4.136846 
4.497397 
3.401500 
4.387782 
4.077241 
4.365856 
5.096582 
4.982490 
4.527252 
4.503470 
4.407606 
3.632965 
4.317713 
4.509817 
3.495895 
4.873098 
4.375937 
5.255265 
4.920526 
4.335662 
3.708384 
3.969347 
3.927061 
5.022272 
3.766652 
4.242519 
5.606715 
4.805081 
4.575535 
3.049288 
4.314772 
4.475313 
4.253375 
4.069238 
4.267377 
3.268362 
4.184574 
4.719521 
6.090172 
4.060312 
3.856436 
4.540825 
4.225383 
4.423135 
4.639119 
4.105593 
4.096645 
4.207178 
3.486117 
3.396599 
4.362258 
3.961394 
5.554518 
4.166438 
3.961438 
4.126245 
4.588107 
4.816871 
5.403261 
3.333505 
5.098713 
4.106112 
4.281593 
4.390848 
3.653725 
3.634829 
3.810782 
4.016945 
2.373830 
2.211588 
3.152730 
3.777399 
4.027050 
4.554991 
3.520074 
3.532798 
3.916459 
3.646818 
4.698663 
3.878547 
3.904487 
4.561168 
3.817782 
3.706417 
3.074650 
3.753767 
3.670225 
4.031213 
4.778577 
4.584659 
4.237330 
3.927413 
4.280577 
3.143735 
3.727336 
3.974888 
3.226766 
4.527603 
3.952202 
4.908518 
4.643510 
3.940922 
3.094985 
3.420989 
3.377514 
4.685619 
3.073651 
3.720127 
5.119707 
4.345243 
3.986767 
2.487661 
3.861723 
3.809821 
3.904870 
3.585486 
3.859864 
2.851352 
3.782670 
4.153818 
5.659849 
3.490711 
3.247755 
4.006119 
3.797668 
3.718186 
4.237749 
3.754797 
3.803459 
3.771972 
3.016649 
2.734736 
3.720291 
3.516106 
4.857665 
3.606165 
3.483165 
3.841937 
3.768622 
4.432875 
4.787745 
2.945409 
4.837894 
3.777648 
3.836304 
3.906121 
3.296864 
3.330445 
3.282785 
3.527291 
1.965801 
1.718864 
2.651634 
3.201385 
3.472722 
4.091619 
3.067679 
3.115840 
3.850788 
2.935515 
4.132881 
3.459942 
3.621578 
4.318913 
3.607907 
3.238586 
2.789196 
3.013970 
3.270648 
3.584060 
4.345306 
4.089675 
3.424815 
3.414745 
4.152158 
2.666276 
3.122452 
3.387435 
2.798090 
4.043049 
3.568306 
4.322292 
4.478469 
3.660411 
2.496808 
2.935102 
3.005113 
4.224037 
2.453337 
3.316214 
4.611408 
3.834897 
3.232033 
1.989315 
3.371916 
3.030016 
3.624569 
3.081801 
3.465853 
2.366082 
3.215095 
3.625309 
5.163527 
3.103064 
2.709625 
3.361726 
3.343752 
3.018551 
3.799613 
3.347674 
3.423634 
3.566528 
2.463555 
2.107309 
3.402660 
3.129071 
4.197296 
3.189093 
2.870569 
3.516952 
3.118871 
4.012998 
4.252314 
2.433990 
4.297723 
3.375573 
3.456671 
3.337934 
2.834066 
2.928012 
2.888759 
3.050294 
1.642545 
1.362070 
2.197677 
2.582121 
2.922367 
3.768077 
2.620814 
2.556536 
3.450735 
2.264319 
3.315328 
3.104117 
3.149778 
3.962545 
3.352855 
2.930624 
2.353951 
2.423207 
3.058101 
3.045073 
3.669385 
3.729615 
2.498949 
2.971802 
3.910568 
2.095106 
2.523534 
2.823057 
2.609278 
3.316450 
3.021343 
3.706129 
4.286267 
3.429078 
1.887315 
2.353512 
2.668008 
3.458258 
1.839811 
2.798645 
4.029770 
3.283819 
2.606444 
1.435870 
3.029295 
2.338904 
3.270924 
2.588465 
2.968078 
1.903802 
2.519933 
3.082008 
4.717146 
2.766234 
2.301761 
2.900820 
2.845361 
2.460371 
3.321906 
2.911022 
3.106349 
3.172675 
1.994779 
1.808489 
2.972513 
2.824473 
3.457234 
2.866849 
2.417735 
2.988446 
2.558245 
3.570151 
3.533761 
2.036082 
3.828845 
2.889404 
2.837032 
2.935696 
2.324866 
2.500072 
2.436863 
2.751188 
1.323843 
1.025583 
1.876412 
2.129352 
2.355209 
3.388532 
2.188087 
1.935366 
2.965675 
1.813150 
2.814269 
2.684575 
2.710341 
3.494183 
3.131208 
2.686259 
1.988672 
1.798196 
2.643719 
2.483901 
2.949472 
3.407137 
1.730450 
2.364347 
3.569940 
1.509151 
2.108722 
2.349328 
2.524527 
2.568232 
2.538897 
3.073407 
4.041040 
3.260235 
1.350979 
1.948381 
2.398241 
2.750122 
1.429805 
2.218324 
3.332033 
2.717033 
2.225344 
1.029466 
2.546890 
1.780479 
2.848463 
2.154473 
2.460285 
1.687022 
2.095238 
2.643867 
4.131218 
2.243869 
1.982945 
2.387143 
2.237883 
2.078856 
2.822073 
2.392087 
2.729573 
2.751258 
1.622926 
1.696489 
2.570618 
2.398159 
2.753033 
2.526325 
2.116314 
2.602533 
2.072121 
2.807698 
2.673457 
1.625020 
3.477764 
2.440325 
2.229160 
2.601758 
1.785250 
2.104280 
1.988599 
2.326135 
0.939966 
0.829005 
1.625411 
1.659648 
1.883576 
2.908277 
1.800449 
1.385678 
2.583225 
1.658972 
2.147381 
2.296921 
2.203067 
3.070881 
2.823538 
2.466227 
1.655852 
1.330431 
2.209575 
1.829531 
2.185845 
2.809412 
1.203256 
1.852179 
2.966203 
1.035979 
1.924045 
1.736217 
2.269999 
2.106402 
2.168551 
2.408675 
3.575793 
3.058994 
1.067409 
1.542925 
1.997506 
2.317041 
1.238385 
1.700012 
2.491817 
2.225056 
2.032400 
0.587024 
2.149669 
1.314511 
2.590839 
1.741688 
2.061931 
1.413279 
1.745778 
2.103224 
3.561252 
1.804836 
1.670482 
2.019678 
1.896621 
1.622992 
2.244942 
1.988293 
2.304497 
2.162013 
1.288753 
1.800008 
1.950991 
2.143968 
2.280499 
2.242338 
1.995420 
2.333271 
1.662562 
2.123089 
1.813864 
1.376122 
3.208890 
1.939149 
1.621083 
2.276489 
1.237142 
1.739862 
1.646270 
1.958123 
0.731631 
0.672977 
1.144313 
1.181355 
1.359362 
2.509874 
1.448202 
0.958940 
2.193310 
1.338824 
1.386521 
1.534019 
1.535829 
2.645715 
2.434056 
2.128132 
1.509716 
1.084429 
1.811586 
1.276605 
1.597188 
1.937012 
1.204211 
1.457540 
2.378539 
0.807820 
1.443736 
1.647601 
2.050664 
1.893919 
1.415739 
1.585713 
3.211022 
2.678604 
0.814629 
1.149962 
1.723365 
2.040776 
0.838461 
1.136715 
1.913960 
1.659795 
1.756731 
0.613088 
1.566882 
0.925338 
2.203970 
1.462142 
1.730352 
1.228595 
1.377092 
1.597056 
3.370260 
1.460273 
1.559683 
1.774119 
1.483317 
1.028723 
1.718200 
1.271896 
1.739602 
1.630303 
1.124155 
1.777190 
1.628855 
1.509626 
1.991824 
1.638731 
1.610607 
2.115094 
1.014939 
1.723849 
1.099218 
1.236998 
2.880687 
1.204494 
0.745561 
1.470300 
0.910332 
1.479309 
1.535372 
1.455397 
0.466379 
0.504994 
0.952301 
0.626767 
0.931793 
2.362695 
1.106467 
0.788465 
2.131052 
1.083018 
1.083501 
0.860135 
0.998388 
2.014949 
2.000184 
1.456827 
1.465627 
1.037043 
1.275503 
1.386721 
1.270345 
1.295716 
0.912688 
1.063488 
1.485417 
0.504160 
1.329951 
0.912917 
1.612638 
1.340111 
0.917253 
0.813964 
2.498229 
2.346119 
0.634806 
0.981480 
1.160516 
1.522412 
0.461461 
0.786467 
1.354491 
1.050465 
1.644090 
0.451969 
1.862262 
0.720479 
1.543836 
1.148954 
1.259167 
0.738494 
1.215537 
0.821949 
2.225623 
1.394169 
1.271362 
1.442154 
1.124700 
0.828612 
1.295820 
0.781822 
1.526918 
0.934671 
1.022738 
1.587837 
1.061155 
1.283284 
1.490726 
1.329415 
1.160478 
1.596036 
0.604015 
1.165189 
0.539793 
1.042568 
2.290680 
1.143179 
0.482478 
1.351510 
0.862136 
0.736626 
1.446520 
0.972489 
0.287590 
0.393339 
0.737259 
0.587267 
0.653645 
1.992012 
0.745775 
0.651913 
1.945828 
0.714081 
0.561403 
0.565075 
0.849685 
1.549590 
1.730902 
1.226720 
0.827367 
0.708649 
0.732549 
1.092094 
0.953362 
1.069155 
0.670985 
1.122496 
1.070262 
0.490886 
0.743345 
0.507871 
1.224687 
1.350323 
0.675051 
0.464013 
1.373246 
1.727591 
0.631623 
0.735353 
0.889543 
1.263242 
0.227765 
0.359561 
0.878935 
1.234781 
1.029934 
0.271655 
1.176665 
0.619300 
0.971522 
0.539812 
1.640716 
0.510882 
0.535292 
0.624106 
1.713947 
0.995337 
1.272913 
1.237329 
1.289250 
0.639122 
1.128515 
0.582110 
1.341115 
0.878274 
0.593692 
1.368725 
0.735644 
0.943456 
1.174044 
0.459091 
0.951800 
0.787387 
0.540736 
0.940468 
0.407680 
1.139190 
1.514226 
0.406761 
0.398491 
0.514499 
0.467701 
0.772389 
1.180510 
0.806394 
0.282509 
0.644644 
0.728400 
0.258762 
0.518444 
1.338990 
0.409531 
0.468385 
1.610919 
0.653350 
1.612025 
0.434701 
0.454826 
1.214683 
1.163873 
0.969996 
1.048619 
0.641481 
0.523792 
0.837618 
0.668666 
0.889536 
0.994319 
0.649247 
0.916761 
0.332752 
0.540109 
0.481883 
1.111539 
0.648521 
0.343375 
0.402197 
1.025036 
1.237530 
0.354123 
0.846929 
0.821100 
0.973446 
0.333926 
0.393741 
0.906750 
0.476832 
0.765103 
0.311618 
1.318134 
0.690978 
0.876587 
0.589544 
0.713394 
0.495159 
0.799654 
0.297958 
1.661926 
0.780472 
1.240247 
0.577906 
0.425411 
0.391977 
0.558968 
1.141289 
0.751386 
0.431055 
0.445499 
0.623401 
0.857973 
0.972176 
0.709844 
0.476966 
0.421691 
0.768638 
0.772822 
0.570904 
0.570908 
0.500935 
1.269248 
0.190283 
0.179369 
0.743241 
0.382337 
0.488573 
1.116254 
0.726443 
0.142735 
0.977529 
0.354381 
0.189891 
0.356513 
0.999484 
0.459086 
0.175487 
1.524669 
0.400696 
0.436071 
0.640075 
0.426567 
0.768220 
0.845103 
0.319974 
0.606608 
0.537719 
1.317991 
0.669998 
0.505141 
1.207798 
0.179919 
0.334847 
0.493385 
0.504943 
0.735193 
0.350699 
0.429214 
0.303807 
0.282515 
0.221469 
0.739595 
0.962407 
0.671261 
0.687250 
0.329850 
1.589854 
0.629877 
0.150456 
1.155749 
0.640667 
0.891400 
0.059264 
0.505326 
0.724865 
0.888459 
0.764220 
1.180485 
0.396950 
0.557983 
0.442085 
0.948823 
0.381113 
0.803954 
0.431849 
0.368084 
0.490083 
0.637490 
0.183830 
1.098232 
0.170754 
0.342393 
0.468028 
0.097265 
0.384928 
0.492123 
0.395224 
0.653797 
0.210744 
0.399486 
0.174608 
0.125722 
0.618658 
1.063557 
0.492387 
0.110555 
0.791053 
0.417451 
0.131161 
0.716671 
0.463997 
0.076329 
0.268476 
0.394618 
0.339043 
0.243745 
0.468672 
0.711233 
0.290294 
1.039813 
0.367511 
0.294864 
0.272572 
0.457134 
0.429076 
0.345870 
0.202960 
0.564399 
0.564844 
0.407279 
0.615641 
0.413869 
0.622402 
0.132445 
0.350296 
0.396567 
0.330551 
0.130434 
0.486950 
0.820086 
0.400340 
0.251149 
0.457727 
0.186006 
0.605221 
0.111599 
1.008932 
0.602848 
0.241749 
0.209830 
0.336554 
0.375472 
0.152511 
0.225396 
0.600049 
0.142760 
0.426902 
0.150997 
0.875119 
0.176994 
0.658971 
0.371161 
0.483320 
0.676213 
0.359309 
0.826720 
0.588139 
0.245911 
0.828787 
0.484296 
0.407526 
0.593317 
0.188456 
0.086882 
0.142158 
0.688709 
0.549430 
0.529158 
0.264056 
0.542064 
0.445867 
0.793704 
0.678613 
0.733331 
0.207376 
0.744775 
0.345114 
0.163420 
0.155691 
0.103856 
0.052398 
0.185268 
0.378314 
0.167495 
0.069565 
0.135774 
0.114142 
0.340065 
0.918098 
0.192284 
0.691467 
0.847888 
1.235711 
0.403123 
0.422978 
0.426280 
0.386404 
0.489346 
0.202191 
0.245456 
0.282906 
0.741678 
0.641391 
0.254803 
0.799418 
0.294721 
0.448262 
1.122002 
0.380407 
0.274825 
0.291299 
0.293130 
0.414903 
0.567340 
0.210148 
0.303396 
0.700531 
0.268544 
0.486212 
0.370345 
1.063618 
0.490476 
0.211380 
0.104818 
0.095265 
0.645381 
0.356108 
0.209925 
0.544400 
0.593844 
0.099402 
0.473799 
0.078336 
0.372522 
0.133750 
0.307055 
0.711262 
0.749925 
0.714992 
0.061298 
0.511980 
0.618418 
0.088967 
0.920135 
0.313002 
0.149734 
0.199072 
0.043323 
0.411892 
0.438652 
0.350039 
0.311055 
0.106494 
0.387696 
0.141901 
0.181851 
0.459516 
0.283132 
0.014853 
0.588853 
0.674620 
0.247837 
0.192898 
1.137118 
0.310735 
0.119416 
0.242094 
0.275931 
0.221038 
0.068320 
0.030569 
0.457176 
0.226299 
0.883593 
0.201490 
0.019508 
0.134437 
0.100666 
0.297585 
0.223265 
0.417526 
0.553156 
0.444235 
0.181412 
0.457758 
0.183430 
0.413945 
0.017441 
0.423256 
0.219007 
0.145420 
0.401253 
0.025403 
0.404011 
0.206664 
0.085848 
0.778279 
0.175506 
0.406129 
0.195323 
0.421850 
0.346519 
0.450639 
0.454631 
1.033038 
0.424719 
0.134920 
0.245882 
0.506416 
0.302893 
0.261697 
0.482380 
0.127529 
0.381580 
0.258347 
0.056380 
0.584991 
0.262035 
0.069145 
0.666834 
0.249608 
0.764909 
0.130924 
0.059297 
0.027701 
0.115879 
0.357276 
0.518580 
0.191920 
0.239241 
0.656097 
0.659797 
0.173977 
0.522125 
0.068256 
0.061524 
0.075809 
0.544801 
0.142919 
0.376903 
0.509840 
0.135588 
0.015497 
0.227758 
0.137720 
0.036484 
0.816831 
0.076761 
0.280110 
0.230665 
0.222246 
0.429387 
0.646997 
0.486223 
0.044657 
1.198370 
0.670015 
0.050665 
0.568193 
0.359368 
0.092849 
0.225630 
0.130331 
0.443150 
0.047034 
0.338974 
0.149582 
0.332137 
0.081585 
0.627299 
0.104812 
0.086250 
0.344957 
0.630143 
0.103504 
0.320258 
0.195247 
0.166414 
0.023033 
0.502695 
0.184601 
0.079750 
0.210552 
0.119243 
0.250566 
0.212881 
0.179973 
0.037081 
0.044865 
0.669409 
0.128426 
0.039457 
0.281352 
0.421637 
0.098252 
0.015109 
0.450829 
0.073630 
0.145228 
0.181260 
0.095087 
0.339026 
0.078181 
0.238892 
0.235738 
0.061881 
0.050812 
1.294530 
0.133282 
0.418112 
0.506989 
0.007120 
0.114624 
0.290948 
0.260070 
0.030516 
0.668513 
0.027662 
0.401114 
0.099849 
0.180544 
0.544454 
0.011882 
0.309310 
0.021222 
0.002862 
0.031677 
0.427331 
0.418016 
0.044293 
0.021840 
0.033938 
0.125441 
0.086477 
0.057100 
0.002141 
0.006105 
1.139771 
0.192169 
0.316514 
0.175538 
0.421761 
0.033797 
0.021274 
0.211306 
0.182556 
0.404987 
0.114722 
0.247789 
0.122011 
0.141956 
0.106484 
0.233281 
0.276480 
0.113861 
0.244508 
0.941200 
0.077727 
0.098384 
0.021082 
0.287022 
0.060204 
0.178586 
0.118390 
0.197792 
0.034012 
0.181905 
0.541741 
0.045178 
0.078279 
0.710011 
0.026232 
0.023731 
0.332956 
0.170197 
0.356462 
0.015799 
0.260080 
0.039004 
0.114945 
0.020333 
0.154717 
0.344627 
0.308225 
0.060755 
0.353189 
0.073586 
0.612260 
0.256744 
0.502115 
0.192240 
0.216103 
0.054879 
0.232785 
0.082709 
0.376111 
0.278614 
0.118093 
0.573570 
0.011028 
0.024590 
0.210199 
0.245826 
0.120330 
0.110578 
0.161649 
0.299939 
0.137961 
0.173872 
0.240307 
0.026485 
0.249840 
0.054413 
0.329589 
0.116018 
0.083162 
0.074983 
0.017080 
0.123783 
0.229853 
0.439559 
0.413792 
0.155638 
0.121517 
0.174981 
0.092857 
0.033317 
0.187135 
0.051489 
0.164469 
0.039021 
0.083161 
0.376382 
0.095726 
0.197625 
0.102501 
0.119856 
0.112620 
0.334409 
0.137031 
0.203018 
0.091781 
0.038671 
0.797835 
0.039211 
0.049837 
0.057422 
0.193129 
0.134861 
0.012322 
0.216310 
0.420121 
0.037143 
0.090806 
0.017141 
0.013733 
0.533658 
0.006537 
0.524286 
0.175368 
0.607569 
0.011822 
0.812557 
0.102010 
0.043368 
0.356576 
0.099251 
0.389212 
0.733964 
0.360450 
0.037031 
0.200511 
0.740154 
0.266116 
0.178147 
0.130383 
0.739955 
0.117443 
0.342613 
0.153918 
0.004889 
0.049120 
0.109127 
0.062648 
0.035249 
0.022089 
0.010198 
0.231696 
0.562180 
0.013427 
0.110685 
0.147790 
0.153175 
0.094112 
0.120362 
0.057015 
0.398850 
0.041055 
0.207689 
0.225992 
0.043600 
0.594169 
0.066049 
0.208586 
0.202993 
0.015674 
0.030773 
0.057342 
0.029244 
0.287908 
0.184114 
0.190755 
0.433346 
0.076529 
0.136362 
0.566647 
0.203117 
0.087787 
0.235940 
0.139556 
0.770683 
0.647406 
0.184323 
0.047441 
0.108581 
0.038021 
0.073466 
0.006928 
0.212742 
0.066312 
0.276266 
0.485649 
0.181379 
0.067602 
0.087136 
0.192447 
0.311340 
0.286478 
0.044047 
0.120562 
0.521133 
0.393823 
0.418694 
0.180836 
0.219926 
0.063372 
0.188725 
0.037405 
0.307275 
0.095664 
0.094683 
0.093429 
0.142786 
0.121641 
0.020561 
0.022308 
0.014725 
0.133740 
0.121889 
0.523306 
0.145985 
0.194458 
0.024300 
0.033762 
0.559195 
0.067998 
0.040675 
0.109800 
0.003843 
0.010565 
0.058420 
0.645247 
0.163991 
0.275277 
0.017040 
0.044718 
0.004478 
0.019593 
0.022029 
0.095611 
0.016687 
0.007640 
0.548397 
0.059872 
0.046814 
0.294042 
0.057696 
0.018432 
0.084744 
0.069289 
0.194859 
0.086005 
0.087194 
0.118478 
0.065124 
0.065469 
0.061124 
0.032460 
0.135871 
0.062228 
0.026083 
0.127465 
0.028955 
0.008907 
0.360365 
0.185381 
0.323048 
0.068069 
0.185649 
0.019200 
0.233945 
0.035062 
0.539855 
0.146729 
0.133024 
0.558784 
0.062937 
0.206386 
0.094064 
0.084101 
0.052361 
0.279351 
0.073470 
0.032183 
0.002299 
0.023098 
0.069902 
0.175682 
0.012301 
0.060727 
0.115519 
0.034669 
0.059415 
0.009239 
0.020703 
0.035519 
0.047725 
0.008125 
0.025633 
0.061299 
0.020817 
0.105371 
0.220499 
0.483479 
0.005837 
0.099533 
0.007600 
0.036076 
0.088260 
0.177778 
0.048498 
0.011068 
0.005147 
0.150525 
0.063357 
0.015101 
0.001381 
0.024566 
0.003384 
0.055724 
0.230502 
0.452507 
0.005052 
0.290261 
0.050453 
0.046502 
0.002576 
0.006887 
0.001854 
0.086383 
0.305432 
0.036951 
0.146372 
0.010665 
0.008249 
0.084673 
0.019099 
0.291883 
0.168868 
0.145527 
0.084604 
0.396240 
0.001299 
0.026147 
0.006542 
0.177472 
0.105009 
0.338753 
0.009986 
0.171258 
0.031086 
0.095454 
0.054458 
0.068053 
0.023674 
0.145363 
0.160113 
0.012686 
0.004186 
0.029886 
0.152308 
0.495429 
0.287414 
0.003815 
0.043650 
0.027414 
0.014914 
0.382775 
0.021025 
0.106665 
0.049016 
0.031673 
0.117043 
0.126265 
0.273003 
0.102151 
0.015286 
0.076297 
0.124378 
0.004577 
0.012522 
0.005299 
0.371896 
0.330505 
0.201057 
0.286901 
0.279827 
0.066182 
0.215956 
0.073336 
0.264336 
0.004426 
0.074357 
0.006939 
0.102219 
0.017841 
0.008419 
0.059663 
0.140365 
0.187244 
0.316263 
0.027804 
0.187553 
0.023364 
0.145582 
0.200201 
0.024232 
0.128467 
0.019800 
0.007920 
0.041637 
0.238296 
0.018668 
0.160820 
0.022447 
0.150011 
0.006455 
0.114180 
0.005900 
0.067210 
0.028151 
0.072506 
0.078876 
0.181909 
0.021409 
0.013328 
0.350721 
0.044130 
0.177470 
0.160887 
0.026423 
0.349663 
0.085875 
0.093754 
0.020541 
0.041040 
0.051730 
0.305050 
0.191801 
0.019897 
0.197650 
0.031182 
0.004463 
0.061187 
0.129019 
0.006752 
0.081760 
0.031111 
0.084336 
0.006386 
0.014843 
0.134307 
0.087286 
0.110796 
0.156258 
0.080048 
0.215385 
0.110670 
0.072977 
0.060338 
0.014234 
0.002175 
0.566454 
0.213518 
0.028235 
0.251581 
0.026327 
0.103670 
0.094180 
0.006858 
0.022952 
0.070544 
0.149993 
0.209870 
0.101427 
0.233697 
0.000907 
0.005986 
0.092871 
0.028880 
0.002906 
0.006443 
1.248684 
0.529424 
0.572780 
0.003818 
0.035894 
0.024497 
0.011212 
0.243416 
0.164925 
0.000140 
0.034055 
0.009955 
0.027052 
0.023361 
0.208209 
0.088885 
0.032708 
0.154918 
0.029500 
0.330462 
0.018816 
0.207941 
0.040394 
0.037002 
0.001593 
0.035285 
0.337554 
0.276781 
0.048453 
0.031345 
0.048649 
0.005030 
0.002249 
0.013003 
0.119008 
0.050098 
0.035854 
0.035930 
0.020070 
0.006118 
0.064054 
0.042152 
0.002580 
0.514822 
0.065563 
0.039290 
0.664558 
0.104451 
0.018453 
0.109587 
0.421590 
0.149394 
0.200137 
0.010783 
0.032611 
0.251524 
1.008638 
0.113563 
0.036567 
0.282892 
0.002511 
0.017557 
0.006354 
0.061986 
0.020533 
0.025635 
0.151379 
0.006700 
0.035303 
0.243099 
0.107432 
0.007868 
0.132270 
0.146092 
0.007203 
0.008974 
0.040276 
0.039293 
0.015429 
0.300191 
0.012282 
0.114769 
0.000128 
0.015574 
0.000716 
0.019244 
0.010629 
0.018712 
0.003846 
0.030236 
0.203734 
0.026207 
0.052485 
0.000568 
0.010098 
0.005145 
0.094486 
0.065975 
0.025152 
0.065468 
0.323337 
0.085782 
0.114835 
0.002502 
0.051197 
0.082816 
0.530479 
0.042707 
0.001390 
0.181832 
0.068947 
0.526521 
0.014773 
0.027231 
0.008762 
0.015189 
0.266500 
0.033863 
0.075697 
0.301413 
0.018360 
0.082579 
0.047985 
0.439955 
0.161729 
0.296141 
0.179584 
0.017061 
0.026566 
0.187995 
0.008397 
0.022437 
0.007885 
0.081321 
0.063417 
0.164096 
0.021719 
0.011706 
0.000818 
0.003523 
0.028286 
0.214211 
0.010772 
0.009278 
0.018637 
0.004953 
0.091603 
0.211668 
0.030897 
0.013973 
0.001425 
0.012154 
0.044976 
0.068631 
0.037687 
0.013123 
0.005430 
0.004739 
0.017999 
0.002748 
0.023380 
0.000548 
0.345593 
0.108501 
0.002688 
0.252383 
0.000848 
0.035592 
0.252957 
0.004401 
0.107558 
0.007416 
0.149941 
0.000885 
0.017851 
0.004185 
0.053147 
0.290706 
0.028337 
0.170941 
0.054470 
0.000418 
0.035574 
0.016751 
0.005422 
0.053287 
0.006124 
0.016253 
0.056048 
0.094111 
0.075054 
0.012869 
0.010505 
0.000365 
0.281386 
0.015074 
0.011243 
0.007680 
0.267480 
0.063941 
0.385472 
0.040146 
0.007969 
0.022081 
0.052050 
0.006178 
0.001188 
0.761937 
0.010410 
0.235797 
0.177733 
0.091512 
0.046780 
0.080635 
0.118834 
0.014814 
0.032197 
0.023674 
0.000723 
0.009125 
0.022804 
0.155969 
0.043977 
0.100759 
0.025306 
0.008260 
0.101274 
0.033210 
0.141104 
0.052797 
0.055590 
0.223152 
0.010996 
0.023893 
0.003184 
0.018026 
0.011382 
0.120721 
0.055034 
0.096291 
0.003378 
0.003039 
0.017056 
0.003337 
0.055332 
0.015401 
0.012510 
0.006343 
0.008648 
0.010509 
0.007209 
0.000291 
0.001545 
0.075320 
0.006115 
0.182522 
0.199097 
0.015836 
0.013358 
0.016065 
0.009829 
0.004170 
0.040287 
0.003559 
0.001692 
0.232961 
0.175808 
0.011622 
0.008918 
0.009087 
0.005069 
0.174240 
0.092767 
0.176148 
0.020867 
0.080441 
0.094936 
0.041746 
0.167271 
0.068601 
0.019855 
0.020257 
0.002066 
0.431663 
0.013667 
0.388065 
0.004545 
0.085841 
0.007182 
0.071551 
0.007279 
0.027475 
0.006365 
0.235789 
0.000082 
0.086975 
0.001011 
0.008272 
0.008845 
0.009241 
0.001314 
0.014519 
0.002553 
0.076655 
0.028357 
0.032705 
0.140687 
0.009737 
0.152871 
0.014155 
0.079397 
0.006730 
0.038638 
0.044582 
0.017144 
0.075167 
0.002803 
0.009141 
0.070036 
0.006096 
0.027753 
0.008502 
0.135827 
0.225577 
0.006477 
0.492068 
0.038339 
0.023817 
0.000633 
0.002362 
0.003258 
0.027010 
0.002407 
0.093613 
0.004256 
0.404828 
0.154983 
0.002476 
0.100344 
0.020554 
0.019847 
0.053501 
0.011535 
0.016370 
0.136462 
0.043944 
0.045623 
0.153178 
0.059892 
0.050281 
0.147450 
0.004700 
0.029978 
0.003305 
0.008109 
0.002615 
0.009724 
0.001679 
0.006477 
0.009227 
0.085846 
0.007018 
0.142800 
0.023767 
0.044846 
0.006753 
0.046803 
0.001112 
0.045947 
0.130324 
0.001688 
0.389033 
0.027976 
0.003627 
0.073773 
0.043779 
0.000933 
0.029996 
0.070069 
0.012550 
0.003080 
0.142025 
0.028690 
0.021104 
0.051107 
0.016358 
0.007873 
0.010659 
0.105830 
0.007082 
0.008498 
0.218375 
0.098755 
0.070403 
0.001607 
0.007567 
0.000733 
0.041939 
0.042714 
0.004560 
0.002997 
0.041429 
0.001231 
0.010131 
0.002246 
0.000611 
0.002909 
0.002912 
0.017337 
0.000858 
0.000414 
0.068290 
0.000826 
0.236975 
0.020309 
0.015556 
0.037200 
0.328772 
0.001780 
0.158840 
0.007812 
0.001674 
0.066301 
0.132813 
0.006226 
0.231814 
0.184046 
0.001485 
0.014015 
0.377788 
0.979073 
0.038167 
0.013880 
0.008511 
0.117345 
0.106018 
0.068375 
0.005825 
0.163315 
0.005717 
0.007470 
0.012072 
0.358541 
0.106456 
0.001386 
0.088225 
0.005455 
0.006986 
0.103441 
0.006522 
0.009310 
0.010436 
0.000927 
0.001293 
0.001199 
0.009186 
0.071718 
0.033508 
0.419089 
0.005045 
0.011761 
0.133287 
0.297150 
0.006747 
0.001932 
0.008917 
0.012326 
0.128212 
0.102493 
0.586034 
0.020088 
0.005178 
0.012208 
0.052036 
0.081919 
0.057194 
0.000190 
0.028320 
0.051577 
0.135368 
0.433959 
0.019520 
0.027349 
0.002621 
0.004579 
0.013007 
0.009735 
0.000251 
0.140031 
0.007143 
0.013672 
0.028891 
0.003581 
0.001540 
0.004107 
0.047947 
0.126779 
0.000525 
0.011790 
0.037312 
0.513316 
0.039581 
0.010432 
0.002269 
0.017018 
0.001319 
0.023933 
0.011262 
0.027604 
0.001454 
0.008707 
0.060708 
0.007702 
0.027040 
0.029143 
0.005350 
0.036046 
0.020270 
0.084389 
0.007352 
0.006968 
0.119077 
0.001665 
0.190354 
0.165899 
0.162557 
0.000380 
0.015452 
0.042414 
0.003958 
0.005610 
0.189751 
0.006418 
0.011564 
0.062724 
0.002538 
0.006196 
0.000488 
0.000881 
0.015383 
0.000088 
0.001177 
0.015319 
0.003598 
0.016051 
0.098603 
0.153713 
0.003649 
0.018931 
0.016201 
0.004768 
0.781319 
0.097680 
0.837994 
0.004234 
0.102590 
0.044827 
0.004415 
0.044145 
0.012408 
0.005689 
0.000550 
0.012896 
0.122119 
0.022611 
0.046681 
0.002914 
0.044063 
0.000803 
0.012344 
0.284137 
0.046950 
0.018481 
0.023556 
0.000210 
0.009266 
0.006016 
0.001998 
0.001460 
0.002479 
0.000305 
0.000882 
0.005833 
0.005225 
0.198995 
0.005020 
0.265872 
0.008961 
0.001151 
0.017013 
0.000793 
0.024510 
0.012432 
0.001065 
0.018016 
0.008134 
0.012252 
0.027422 
0.221413 
0.005036 
0.000605 
0.055828 
0.016349 
0.000979 
0.172476 
0.020687 
0.000111 
0.000931 
0.000262 
0.005815 
0.793669 
0.001465 
0.006418 
0.049884 
0.011023 
0.013658 
0.023596 
0.006006 
0.019826 
0.233077 
0.004573 
0.002695 
0.012538 
0.001907 
0.135354 
0.008552 
0.001500 
0.041639 
0.022082 
0.002854 
0.010606 
0.061139 
0.055605 
0.092138 
0.003316 
0.003768 
0.003253 
0.007966 
0.072879 
0.109794 
0.205500 
0.272132 
0.012126 
0.000561 
0.003602 
0.023343 
0.015250 
0.012224 
0.003081 
0.086515 
0.005121 
0.007358 
0.000155 
0.015871 
0.043196 
0.001161 
0.004478 
0.005127 
0.171093 
0.012115 
0.001687 
0.001815 
0.001312 
0.007509 
0.001391 
0.005045 
0.054802 
0.065163 
0.091191 
0.000378 
0.156606 
0.002296 
0.001078 
0.003823 
0.290468 
0.081151 
0.002532 
0.016346 
0.004509 
0.035749 
0.008282 
0.028945 
0.052078 
0.004502 
0.003711 
0.048530 
0.107452 
0.227575 
0.000027 
0.009789 
0.063704 
0.045324 
0.017662 
0.011144 
0.015980 
0.074136 
0.146251 
0.005832 
0.003950 
0.005687 
0.297238 
0.001626 
0.014993 
0.079776 
0.001848 
0.022827 
0.009201 
0.026944 
0.009650 
0.039853 
0.096089 
0.015382 
0.001234 
0.249024 
0.024945 
0.036576 
0.004562 
0.127783 
0.045363 
0.018809 
0.003366 
0.020351 
0.000562 
0.016156 
0.000451 
0.000841 
0.029870 
0.027166 
0.009094 
0.003669 
0.010100 
0.078947 
0.008237 
0.010248 
0.004530 
0.056659 
0.003425 
0.002076 
0.001330 
0.015075 
0.491083 
0.099487 
0.000723 
0.003220 
0.073534 
0.011991 
0.043274 
0.022579 
0.012730 
0.017509 
0.003225 
0.003771 
0.466755 
0.002836 
0.006642 
0.001033 
0.001050 
0.003480 
0.003226 
0.004382 
0.000454 
0.000341 
0.002166 
0.001756 
0.006133 
0.007138 
0.002391 
0.000550 
0.002482 
0.188866 
0.009687 
0.004267 
0.018817 
0.229531 
0.028697 
0.249484 
0.032119 
0.010762 
0.012154 
0.000147 
0.011842 
0.001411 
0.001678 
0.208001 
0.004000 
0.207237 
0.003853 
0.028620 
0.002256 
0.011570 
0.035708 
0.005037 
0.003346 
0.005834 
0.038995 
0.022210 
0.031025 
0.002982 
0.005610 
0.000278 
0.001345 
0.003358 
0.005631 
0.005736 
0.000056 
0.216395 
0.000301 
0.032126 
0.031196 
0.174045 
0.006707 
0.017772 
0.009480 
0.061414 
0.002607 
0.014738 
0.001239 
0.101593 
0.190659 
0.002278 
0.002214 
0.356236 
0.000801 
0.009798 
0.001806 
0.005249 
0.096124 
0.364743 
0.003064 
0.001044 
0.007697 
0.001538 
0.119379 
0.004135 
0.003877 
0.038336 
0.007950 
0.142380 
1.400949 
0.018048 
0.001823 
0.031791 
0.003582 
0.022780 
0.002346 
0.000608 
0.000202 
0.042938 
0.084039 
0.000332 
0.005232 
0.004066 
0.121171 
0.011864 
0.013845 
0.003931 
0.003195 
0.018113 
0.194554 
0.005532 
0.004311 
0.001910 
0.000254 
0.008989 
0.011291 
0.000141 
0.001583 
0.013147 
0.008526 
0.001018 
0.028169 
0.008492 
0.359629 
0.007881 
0.000309 
0.012989 
0.227803 
0.003908 
0.173945 
0.003156 
0.018277 
0.012038 
0.016693 
0.201890 
0.020941 
0.011079 
0.025477 
0.088242 
0.200147 
0.676920 
0.012046 
0.005652 
0.001188 
0.003976 
0.036154 
0.004286 
0.049604 
0.072626 
0.006583 
0.025488 
0.002284 
0.041248 
0.015851 
0.099629 
0.023221 
0.002526 
0.000939 
0.021325 
0.001582 
0.030268 
0.003760 
0.020302 
0.009823 
0.018339 
0.000349 
0.004911 
0.008222 
0.004306 
0.014152 
0.001807 
0.090415 
0.028178 
0.009304 
0.001406 
0.053914 
0.006455 
0.000043 
0.000093 
0.011638 
0.002849 
0.001871 
0.000946 
0.089246 
0.067409 
0.002827 
0.010583 
0.000433 
0.021741 
0.002767 
0.000655 
0.001543 
0.110207 
0.013090 
0.005680 
0.001018 
0.007041 
0.000408 
0.017979 
0.001550 
0.068493 
0.000076 
0.005331 
0.033020 
0.031010 
0.000838 
0.039675 
0.000251 
0.001356 
0.095055 
0.004464 
0.084299 
0.154756 
0.003399 
0.055661 
0.000447 
0.106857 
0.001644 
0.063774 
0.000782 
0.115214 
0.269299 
0.000183 
0.008150 
0.023921 
0.004542 
0.003912 
0.033494 
0.024425 
0.054507 
0.006323 
0.000448 
0.014918 
0.000527 
0.003414 
0.009639 
0.000472 
0.008126 
0.000626 
0.119335 
0.001457 
0.002860 
0.024527 
0.221009 
0.008762 
0.005179 
0.000687 
0.000670 
0.006143 
0.000102 
0.032884 
0.012625 
0.200771 
0.018491 
0.018544 
0.001991 
0.003898 
0.030844 
0.000414 
0.000029 
0.000721 
0.000615 
0.052403 
0.006218 
0.001549 
0.000062 
0.000920 
0.003484 
0.000305 
0.000143 
0.014000 
0.002539 
0.000198 
0.054896 
0.007657 
0.007441 
0.029219 
0.066517 
0.006948 
0.071835 
0.007796 
0.001147 
0.003288 
0.800484 
0.001347 
0.009188 
0.107685 
0.000349 
0.000633 
0.000933 
0.000536 
0.002581 
0.081685 
0.004893 
0.006345 
0.002351 
0.000059 
0.001771 
0.000178 
0.006763 
0.060065 
0.000254 
0.434821 
0.379935 
0.028894 
0.004226 
0.003987 
0.000952 
0.002504 
0.001329 
0.000154 
0.001605 
0.005940 
0.001135 
0.003908 
0.004123 
0.020686 
0.000005 
0.096961 
0.001167 
0.033635 
0.001127 
0.001192 
0.003407 
0.000413 
0.000631 
0.003546 
0.003759 
0.000832 
0.002112 
0.003536 
0.003474 
0.046308 
0.004862 
0.002473 
0.000046 
0.009040 
0.001825 
0.012866 
0.019002 
0.179232 
0.000849 
0.004864 
0.001251 
0.000399 
0.008535 
0.015076 
0.000591 
0.001039 
0.015807 
0.169273 
0.038153 
0.009359 
0.119560 
0.208853 
0.003064 
0.104293 
0.005565 
0.001422 
0.008488 
0.011481 
0.008419 
0.361610 
0.009415 
0.001059 
0.000094 
0.114518 
0.025750 
0.018355 
0.002225 
0.000120 
0.054343 
0.115666 
0.008770 
0.002130 
0.000034 
0.003311 
0.022478 
0.001219 
0.001930 
0.000442 
0.002398 
0.165578 
0.002372 
0.005780 
0.016282 
0.000036 
0.538768 
0.005141 
0.002579 
0.005371 
0.001511 
0.008161 
0.006721 
0.099166 
0.009284 
0.004159 
0.007688 
0.000199 
0.000131 
0.003100 
0.000429 
0.002647 
0.001701 
0.003289 
0.019312 
0.000103 
0.018093 
0.001715 
0.024496 
0.001306 
0.001437 
0.005280 
0.002300 
0.001297 
0.005226 
0.002136 
0.002038 
0.006961 
0.000894 
0.008678 
0.176548 
0.002505 
0.000207 
0.040123 
0.001315 
0.008108 
0.014989 
0.003261 
0.003530 
0.000106 
0.052636 
0.254658 
0.072672 
0.004066 
0.036060 
0.000979 
0.009584 
0.003429 
0.002832 
0.197710 
0.033405 
0.009064 
0.006324 
0.000948 
0.039622 
0.000211 
0.000011 
0.009882 
0.000807 
0.000512 
0.000130 
0.016803 
0.000493 
0.001046 
0.003022 
0.002376 
0.000425 
0.104173 
0.001041 
0.000022 
0.231228 
0.000646 
0.102974 
0.005018 
0.001163 
0.072290 
0.000477 
0.017131 
0.021959 
0.001321 
0.004870 
0.017265 
0.077075 
0.000442 
0.000580 
0.000457 
0.002258 
0.004047 
0.053601 
0.000953 
0.000488 
0.000198 
0.000429 
0.000314 
0.000849 
0.005684 
0.069416 
0.017596 
0.000233 
0.002803 
0.067390 
0.002795 
0.140689 
0.007571 
0.021905 
0.066700 
0.003283 
0.036885 
0.001072 
0.000808 
0.001781 
0.051471 
0.002798 
0.001655 
0.000058 
0.004308 
0.000130 
0.011972 
0.000406 
0.000899 
0.000070 
0.005008 
0.017451 
0.000164 
0.002507 
0.038470 
0.000480 
0.000981 
0.001576 
0.008443 
0.009945 
0.012306 
0.000033 
0.010682 
0.002994 
0.000446 
0.000749 
0.000884 
0.005964 
0.000278 
0.006070 
0.133121 
0.001677 
0.031041 
0.001682 
0.003788 
0.010082 
0.051745 
0.000310 
0.001322 
0.003712 
0.029760 
0.004344 
0.061614 
0.002673 
0.002908 
0.001494 
0.002535 
0.085315 
0.000265 
0.055503 
0.004712 
0.017783 
0.008802 
0.004022 
0.002509 
0.021945 
0.001993 
0.004066 
0.011181 
0.006773 
0.106422 
0.019066 
0.000351 
0.000067 
0.008434 
0.001644 
0.002030 
0.000970 
0.001251 
0.000613 
0.009681 
0.025509 
0.000484 
0.001446 
0.000204 
0.000981 
0.000611 
0.001697 
0.001170 
0.001271 
0.007186 
0.006138 
0.003201 
0.024136 
0.012656 
0.006043 
0.002847 
0.000030 
0.000369 
0.002626 
0.000832 
0.001719 
0.007780 
0.001396 
0.000024 
0.003520 
0.001919 
0.001968 
0.000109 
0.000686 
0.000088 
0.001500 
0.000704 
0.000093 
0.642035 
0.006309 
0.000041 
0.076355 
0.004874 
0.000049 
0.005691 
0.004194 
0.005329 
0.000309 
0.001255 
0.000094 
0.540486 
0.005900 
0.000823 
0.000607 
0.000476 
0.004522 
0.000477 
0.003038 
0.170741 
0.096947 
0.016530 
0.002168 
0.127803 
0.002830 
0.023915 
0.015440 
0.000873 
0.003003 
0.021396 
0.000645 
0.013199 
0.056524 
0.038901 
0.009451 
0.014520 
0.006356 
0.008797 
0.061116 
0.000867 
0.000194 
0.005765 
0.000376 
0.181442 
0.000453 
0.009686 
0.002403 
0.007632 
0.000856 
0.000079 
0.002064 
0.000319 
1.888731 
0.002109 
0.015511 
0.032016 
0.001453 
0.000152 
0.013321 
0.001035 
0.002246 
0.000035 
0.000129 
0.002948 
0.000169 
0.035406 
0.011535 
0.000489 
0.000076 
0.000059 
0.005607 
0.017606 
0.003466 
0.000474 
0.003744 
0.001779 
0.014784 
0.000274 
0.004328 
0.002319 
0.000075 
0.003766 
0.001340 
0.000648 
0.020261 
0.000294 
0.000064 
0.046359 
0.000716 
0.000692 
0.006052 
0.107163 
0.008531 
0.005158 
0.001006 
0.060659 
0.000528 
0.017745 
0.089304 
0.000504 
0.000144 
0.000762 
0.010364 
0.000512 
0.010513 
0.002750 
0.000011 
0.000053 
0.041118 
0.002626 
0.008944 
0.003989 
0.000556 
0.000308 
0.000480 
0.002853 
0.000429 
0.006148 
0.001581 
0.000413 
0.000042 
0.002478 
0.001550 
0.000482 
0.001790 
0.000411 
0.001396 
0.002257 
0.000386 
0.000053 
0.000613 
0.000090 
0.005838 
0.001540 
0.014374 
0.001879 
0.005076 
0.000199 
0.000151 
0.005733 
0.335525 
0.028016 
0.022556 
0.002070 
0.000915 
0.001058 
0.000004 
0.001595 
0.000683 
0.065256 
0.002576 
0.006624 
0.000230 
0.043650 
0.003122 
0.000671 
0.041298 
0.292873 
0.002007 
0.009892 
0.003727 
0.000322 
0.000015 
0.003429 
0.000116 
0.000825 
0.000348 
0.007359 
0.000085 
0.005904 
0.230530 
0.001890 
0.008508 
0.001550 
0.000935 
0.001485 
0.000506 
0.005037 
0.001188 
0.000747 
0.393296 
0.000210 
0.000729 
0.000701 
0.012591 
0.002440 
0.119419 
0.241052 
0.000512 
0.147700 
0.014717 
0.016303 
0.003100 
0.000478 
0.000651 
0.000399 
0.000245 
0.002055 
0.000571 
0.002885 
0.211612 
0.001996 
0.000181 
0.076981 
0.044228 
0.005744 
0.000058 
0.009717 
0.001387 
0.217283 
0.000382 
0.000898 
0.032828 
0.002578 
0.135144 
0.083250 
0.004141 
0.000809 
0.002663 
0.001445 
0.044962 
0.018947 
0.000718 
0.000678 
0.038353 
0.004342 
0.001684 
0.045631 
0.000121 
0.002017 
0.001374 
0.000536 
0.000029 
0.145498 
0.004186 
0.000564 
0.017024 
0.001751 
0.001179 
0.005150 
0.005140 
0.578960 
0.089082 
0.012264 
0.000126 
0.047555 
0.007567 
0.000197 
0.058155 
0.000643 
0.003493 
0.013011 
0.000221 
0.013532 
0.000234 
0.000249 
0.000097 
0.002584 
0.000511 
0.013112 
0.001640 
0.013519 
0.001868 
0.000043 
0.000385 
0.001189 
0.005830 
0.008468 
0.000756 
0.005410 
0.000147 
0.001650 
0.000444 
0.054727 
0.009123 
0.000464 
0.000411 
0.000424 
0.000918 
0.000838 
0.041990 
0.001149 
0.004449 
0.000162 
0.001544 
0.007293 
0.010801 
0.011961 
0.001006 
0.148172 
0.000852 
0.000369 
0.000304 
0.025140 
0.000479 
0.000621 
0.031427 
0.000099 
0.004683 
0.002503 
0.012567 
0.001348 
0.000280 
0.117079 
0.008081 
0.003247 
0.000977 
0.053454 
0.000120 
0.084284 
0.000024 
0.000402 
0.000479 
0.000069 
0.001013 
0.001427 
0.000733 
0.000823 
0.000964 
0.110545 
0.001571 
0.001264 
0.001636 
0.052701 
0.001680 
0.001065 
0.003975 
0.045723 
0.009469 
0.205073 
0.205051 
0.000746 
0.000568 
0.001248 
0.007597 
0.134706 
0.004564 
0.002455 
0.000403 
0.000494 
0.000727 
0.035801 
0.000716 
0.101242 
0.000813 
0.000332 
0.002171 
0.000238 
0.000741 
0.004524 
0.005829 
0.002965 
0.000084 
0.003611 
0.003501 
0.001189 
0.001614 
0.003367 
0.001818 
0.001184 
0.000445 
0.003487 
0.000121 
0.000455 
0.004333 
0.000294 
0.000184 
0.040416 
0.000399 
0.000045 
0.000125 
0.000078 
0.000119 
0.001169 
0.000806 
0.000111 
0.001227 
0.002159 
0.008315 
0.000383 
0.004602 
0.001599 
0.311310 
0.002996 
0.012101 
0.004723 
0.004658 
0.000279 
0.000044 
0.024876 
0.000397 
0.000035 
0.155389 
0.002736 
0.005221 
0.070416 
0.000067 
0.000490 
0.000082 
0.000570 
0.032648 
0.099570 
0.001285 
0.000251 
0.059268 
0.000006 
0.009297 
0.025704 
0.000035 
0.000377 
0.002028 
0.000662 
0.001373 
0.006243 
0.000007 
0.000272 
0.001986 
0.001312 
0.000885 
0.000298 
0.103785 
0.003309 
0.002711 
0.002781 
0.000198 
0.000517 
0.000954 
0.000108 
0.000298 
0.002003 
0.000996 
0.000872 
0.091110 
0.000291 
0.000029 
0.000163 
0.001311 
0.012355 
0.008553 
0.000487 
0.000403 
0.001208 
0.000718 
0.007241 
0.000245 
0.001101 
0.002557 
0.000146 
0.000024 
0.000285 
0.000080 
0.000292 
0.000507 
0.000209 
0.001223 
0.094965 
0.008546 
0.023175 
0.000696 
0.038352 
0.000143 
0.197480 
0.000246 
0.005022 
0.003636 
0.000852 
0.000503 
0.002309 
0.000838 
0.001957 
0.000393 
0.015797 
0.001528 
0.000025 
0.000807 
0.034480 
0.002827 
0.000086 
0.000102 
0.000351 
0.000117 
0.000635 
0.006895 
0.007850 
0.104124 
0.000066 
0.010223 
0.000056 
0.014568 
0.003269 
0.000041 
0.075579 
0.001630 
0.001804 
0.019016 
0.080458 
0.001635 
0.020708 
0.000274 
0.001092 
0.012618 
0.000270 
0.420311 
0.008301 
0.000293 
0.000149 
0.029221 
0.000024 
0.002156 
0.000115 
0.005955 
0.371452 
0.031662 
0.042295 
0.001597 
0.003642 
0.000127 
0.000667 
0.001877 
0.023951 
0.054897 
0.000981 
0.037829 
0.000191 
0.005696 
0.003746 
0.011144 
0.001062 
0.000779 
0.000595 
0.000022 
0.002371 
0.000013 
0.000330 
0.002263 
0.004019 
0.001861 
0.000159 
0.000506 
0.000051 
0.000296 
0.368212 
0.000481 
0.001396 
0.000483 
0.000483 
0.005943 
0.001124 
0.020693 
0.000747 
0.005579 
0.507561 
0.000245 
0.000023 
0.000072 
0.000118 
0.008504 
0.007472 
0.001747 
0.000711 
0.001433 
0.005395 
0.000156 
0.000256 
0.029028 
0.000916 
0.004582 
0.006255 
0.000312 
0.001355 
0.002556 
0.000265 
0.000002 
0.002923 
0.000727 
0.000124 
0.000383 
0.000371 
0.000244 
0.006267 
0.066193 
0.002311 
0.001345 
0.026846 
0.004616 
0.228599 
0.042842 
0.003907 
0.003246 
0.021028 
0.009946 
0.001016 
0.000513 
0.000450 
0.044677 
0.015674 
0.000157 
0.021697 
0.088414 
0.000297 
0.008747 
0.008058 
0.001745 
0.028266 
0.003411 
0.001440 
0.000350 
0.004417 
0.001000 
0.000583 
0.011225 
0.000532 
0.000084 
0.000083 
0.014202 
0.000073 
0.000365 
0.001213 
0.004617 
0.000509 
0.001238 
0.018843 
0.000083 
0.000055 
0.005761 
0.000802 
0.001275 
0.035372 
0.000377 
0.001494 
0.017913 
0.025095 
0.000026 
0.058904 
0.007447 
0.001875 
0.028292 
0.000393 
0.000785 
0.000032 
0.001298 
0.007429 
0.000248 
0.000869 
0.003534 
0.032431 
0.000575 
0.004038 
0.044285 
0.008804 
0.001210 
0.000189 
0.000145 
0.001207 
0.000004 
0.000834 
0.002821 
0.000824 
0.004259 
0.000464 
0.048350 
0.017231 
0.000642 
0.024707 
0.001746 
0.010330 
0.000104 
0.001622 
0.001554 
0.007452 
0.001166 
0.003605 
0.003348 
0.000010 
0.001022 
0.004550 
0.000548 
0.005856 
0.000292 
0.005075 
0.000009 
0.000300 
0.002041 
0.000577 
0.006988 
0.033040 
0.000086 
0.002544 
0.000401 
0.001210 
0.001435 
0.026222 
0.154918 
0.003015 
0.000517 
0.000144 
0.000076 
0.000225 
0.001185 
0.003447 
0.002735 
0.003854 
0.000630 
0.000013 
0.002429 
0.000121 
0.002911 
0.000205 
0.000067 
0.000665 
0.002721 
0.000649 
0.000579 
0.002109 
0.000335 
0.000202 
0.001602 
0.000161 
0.012401 
0.001869 
0.088698 
0.010738 
0.000370 
0.001172 
0.001329 
0.002289 
0.000010 
0.000085 
0.006648 
0.008618 
0.000246 
0.002108 
0.003327 
0.000785 
0.000192 
0.041181 
0.000027 
0.000266 
0.000852 
0.000062 
0.002130 
0.000162 
0.000639 
0.000036 
0.007720 
0.006116 
0.000345 
0.000055 
0.004641 
0.002500 
0.002321 
0.002050 
0.000018 
0.000301 
0.004560 
0.000057 
0.062802 
0.000354 
0.000073 
0.006172 
0.000980 
0.000951 
0.000206 
0.001590 
0.003128 
0.001043 
0.010289 
0.000530 
0.000482 
0.011342 
0.000286 
0.003815 
0.009660 
0.000474 
0.001598 
0.002704 
0.000892 
0.000367 
0.000175 
0.002643 
0.001232 
0.000177 
0.004068 
0.000901 
0.263124 
0.000098 
0.000467 
0.000645 
0.000316 
0.000299 
0.000020 
0.013168 
0.000134 
0.002009 
0.000204 
0.001994 
0.000071 
0.012721 
0.013939 
0.000483 
0.000663 
0.000835 
0.000447 
0.000018 
0.000959 
0.002622 
0.000217 
0.001534 
0.002516 
0.037284 
0.001848 
0.025972 
0.007389 
0.001876 
0.000548 
0.000016 
0.000145 
0.001295 
0.000016 
0.000083 
0.001368 
0.000053 
0.021068 
0.001513 
0.000039 
0.000098 
0.000209 
0.010447 
0.056433 
0.000136 
0.001613 
0.000630 
0.021713 
0.000306 
0.000381 
0.026972 
0.004032 
0.000119 
0.000425 
0.000199 
0.000656 
0.008849 
0.032570 
0.000130 
0.002049 
0.004066 
0.012467 
0.002308 
0.002754 
0.056025 
0.001279 
0.010588 
0.000485 
0.017346 
0.001199 
0.000506 
0.028737 
0.000566 
0.000084 
0.010738 
0.000064 
0.000352 
0.025742 
0.000106 
0.001014 
0.001232 
0.000240 
0.000242 
0.000542 
0.000171 
0.000159 
0.002858 
0.000306 
0.000007 
0.010402 
0.000428 
0.000976 
0.006261 
0.176102 
0.000015 
0.004333 
0.000065 
0.022350 
0.000037 
0.005026 
0.000059 
0.000988 
0.000011 
0.000060 
0.000177 
0.000308 
0.000001 
0.000245 
0.001696 
0.000081 
0.186231 
0.000156 
0.000713 
0.000116 
0.001264 
0.000001 
0.000503 
0.001532 
0.000185 
0.000294 
0.002473 
0.001764 
0.001604 
0.000786 
0.001028 
0.000600 
0.000052 
0.001674 
0.034472 
0.000266 
0.000478 
0.000305 
0.015022 
0.000489 
0.000007 
0.000243 
0.000858 
0.001004 
0.090658 
0.000710 
0.000873 
0.000073 
0.045912 
0.003739 
0.000570 
0.139600 
0.000917 
0.000393 
0.002046 
0.000134 
0.000613 
0.000597 
0.000607 
0.003744 
0.000113 
0.000068 
0.000007 
0.000511 
0.000316 
0.036222 
0.006138 
0.004874 
0.008086 
0.000416 
0.000176 
0.042160 
0.000054 
0.000053 
0.000295 
0.001201 
0.000128 
0.000088 
0.001220 
0.000378 
0.002799 
0.002433 
0.000103 
0.001198 
0.001261 
0.000489 
0.000519 
0.000003 
0.000292 
0.001228 
0.000049 
0.000017 
0.009768 
0.000676 
0.000011 
0.001037 
0.000032 
0.000150 
0.004568 
0.000142 
0.000004 
0.003276 
0.001616 
0.000038 
0.000091 
0.007207 
0.000023 
0.000244 
0.000831 
0.000000 
0.005825 
0.000017 
0.001374 
0.000074 
0.000053 
0.001596 
0.000543 
0.000040 
0.000319 
0.000317 
0.009701 
0.000430 
0.000011 
0.003371 
0.000209 
0.000015 
0.001602 
0.000099 
0.010884 
0.000027 
0.002037 
0.037945 
0.000650 
0.006858 
0.001814 
0.001834 
0.001321 
0.000081 
0.000724 
0.000494 
0.039369 
0.005493 
0.001413 
0.000794 
0.000066 
0.000036 
0.000020 
0.000207 
0.005157 
0.000694 
0.005380 
0.000778 
0.000099 
0.000523 
0.000259 
0.000226 
0.009787 
0.005632 
0.000207 
0.401320 
0.000184 
0.000808 
0.013595 
0.001212 
0.001192 
0.003170 
0.000108 
0.000024 
0.000004 
0.000022 
0.000071 
0.001723 
0.002716 
0.000782 
0.001728 
0.000367 
0.000012 
0.000661 
0.000235 
0.000096 
0.052022 
0.001779 
0.337624 
0.000151 
0.001040 
0.000002 
0.000964 
0.001970 
0.000145 
0.000114 
0.000193 
0.000047 
0.006277 
0.183701 
0.001354 
0.000125 
0.007649 
0.009905 
0.001619 
0.000075 
0.063578 
0.000995 
0.000322 
0.001646 
0.000504 
0.002848 
0.000212 
0.000470 
0.003175 
0.000384 
0.001086 
0.001395 
0.000011 
0.081802 
0.003139 
0.000355 
0.003455 
0.003597 
0.008681 
0.001231 
0.080330 
0.192448 
0.000735 
0.066076 
0.000450 
0.000081 
0.000140 
0.004861 
0.005487 
0.007165 
0.030278 
0.005194 
0.000652 
0.000967 
0.000310 
0.001693 
0.000081 
0.000857 
0.000281 
0.000551 
0.000046 
0.000498 
0.000077 
0.000105 
0.000201 
0.093158 
0.001745 
0.002347 
0.017059 
0.007565 
0.000055 
0.013158 
0.124942 
0.003976 
0.000109 
0.000250 
0.001309 
0.000478 
0.012696 
0.254956 
0.005734 
0.012932 
0.000202 
0.001642 
0.000043 
0.000011 
0.007122 
0.000003 
0.001400 
0.002339 
0.002248 
0.001603 
0.000140 
0.011003 
0.000041 
0.000012 
0.000842 
0.001284 
0.000038 
0.000002 
0.001263 
0.000307 
0.319240 
0.014013 
0.000160 
0.017434 
0.010466 
0.000437 
0.000277 
0.000074 
0.003220 
0.006203 
0.000467 
0.000021 
0.000053 
0.028997 
0.000448 
0.001686 
0.017022 
0.000255 
0.001484 
0.000090 
0.000106 
0.000211 
0.001072 
0.000317 
0.000828 
0.004318 
0.015147 
0.000004 
0.000470 
0.000228 
0.011238 
0.001289 
0.006825 
0.008437 
0.000011 
0.000063 
0.000225 
0.000055 
0.004128 
0.000498 
0.000132 
0.000194 
0.004018 
0.000011 
0.000659 
0.000067 
0.000060 
0.000158 
0.000318 
0.000091 
0.000008 
0.000249 
0.030313 
0.001983 
0.000356 
0.000314 
0.000047 
0.000216 
0.000165 
0.009820 
0.001219 
0.000625 
0.026862 
0.000245 
0.000007 
0.000299 
0.000106 
0.000405 
0.000883 
0.000326 
0.000130 
0.000045 
0.000468 
0.000034 
0.000119 
0.000512 
0.005832 
0.001376 
0.000402 
0.000015 
0.002479 
0.090422 
0.204074 
0.024075 
0.008612 
0.000694 
0.627279 
0.000479 
0.002978 
0.000834 
0.001084 
0.003121 
0.000176 
0.000021 
0.000170 
0.002092 
0.000570 
0.000447 
0.001593 
0.007381 
0.000137 
0.000156 
0.002140 
0.000436 
0.002005 
0.001112 
0.003011 
0.000729 
0.000017 
0.000047 
0.005710 
0.004626 
0.000029 
0.471256 
0.007152 
0.000179 
0.000141 
0.000384 
0.001002 
0.000296 
0.002160 
0.000474 
0.000102 
0.000413 
0.000527 
0.000234 
0.005419 
0.002660 
0.000566 
0.000355 
0.000195 
0.001707 
0.000718 
0.001258 
0.000099 
0.000337 
0.000017 
0.008700 
0.000061 
0.000128 
0.000022 
0.000906 
0.000639 
0.000288 
0.000009 
0.142840 
0.002567 
0.000049 
0.000030 
0.000008 
0.000260 
0.001607 
0.009602 
0.008408 
0.000793 
0.000000 
0.000106 
0.008906 
0.012296 
0.000136 
0.000049 
0.000769 
0.000466 
0.018781 
0.001129 
0.000281 
0.000086 
0.000246 
0.000114 
0.000697 
0.001221 
0.000886 
0.001229 
0.055630 
0.000015 
0.000027 
0.166886 
0.001219 
0.010423 
0.032890 
0.000079 
0.003847 
0.005174 
0.004005 
0.000958 
0.000713 
0.005267 
0.000280 
0.000029 
0.040975 
0.001057 
0.000009 
0.000255 
0.000053 
0.000216 
0.001361 
0.169074 
0.001355 
0.000582 
0.000635 
0.006068 
0.000084 
0.001025 
0.000031 
0.003465 
0.000152 
0.000143 
0.000084 
0.000310 
0.000922 
0.001114 
0.000519 
0.000013 
0.000054 
0.000019 
0.000578 
0.000192 
0.000716 
0.000669 
0.000055 
0.004506 
0.000094 
0.000040 
0.000161 
0.000470 
0.000023 
0.000009 
0.002408 
0.000004 
0.001154 
0.000097 
0.003733 
0.003237 
0.059210 
0.000094 
0.000014 
0.000049 
0.000004 
0.000099 
0.000002 
0.009780 
0.000055 
0.000138 
0.001835 
0.000089 
0.000406 
0.000079 
0.003827 
0.000040 
0.002535 
0.000005 
0.000068 
0.000029 
0.000555 
0.001663 
0.000228 
0.000079 
0.000013 
0.000045 
0.000085 
0.000112 
0.000533 
0.000127 
0.000417 
0.010478 
0.001337 
0.002263 
0.000583 
0.002030 
0.001201 
0.000074 
0.000042 
0.000038 
0.000384 
0.000055 
0.000066 
0.000013 
0.000893 
0.000249 
0.002086 
0.000023 
0.001057 
0.000451 
0.000086 
0.000287 
0.000251 
0.047909 
0.004839 
0.000324 
0.000261 
0.000079 
0.000297 
0.001109 
0.000458 
0.000494 
0.000052 
0.003828 
0.000032 
0.000054 
0.000544 
0.000065 
0.002356 
0.000743 
0.016623 
0.000190 
0.000182 
0.000125 
0.000090 
0.000572 
0.000045 
0.000036 
0.000006 
0.000234 
0.000001 
0.000070 
0.002546 
0.000100 
0.002907 
0.000104 
0.000001 
0.000278 
0.043506 
0.000241 
0.004131 
0.002411 
0.000095 
0.001387 
0.000074 
0.000238 
0.000088 
0.000114 
0.001008 
0.000037 
0.000030 
0.001828 
0.000587 
0.000621 
0.000052 
0.000696 
0.016047 
0.121355 
0.003499 
0.000357 
0.000176 
0.000141 
0.001246 
0.006969 
0.000208 
0.000048 
0.000396 
0.005723 
0.022183 
0.001851 
0.000089 
0.000125 
0.000196 
0.000571 
0.000049 
0.000466 
0.001889 
0.001352 
0.000119 
0.022519 
0.000971 
0.000255 
0.000463 
0.000191 
0.000362 
0.000035 
0.000259 
0.095894 
0.009696 
0.001945 
0.000882 
0.000167 
0.004242 
0.000707 
0.000135 
0.000019 
0.000194 
0.005903 
0.000837 
0.003945 
0.000073 
0.000168 
0.000082 
0.000029 
0.003252 
0.008705 
0.000004 
0.030388 
0.000872 
0.000750 
0.000156 
0.000375 
0.128026 
0.000251 
0.000746 
0.001246 
0.000121 
0.000260 
0.000003 
0.005114 
0.000001 
0.008322 
0.000173 
0.028571 
0.000028 
0.002748 
0.000007 
0.002274 
0.000148 
0.006290 
0.002398 
0.000162 
0.000238 
0.000286 
0.320365 
0.001145 
0.000030 
0.002616 
0.000022 
0.000005 
0.000137 
0.055713 
0.000092 
0.002914 
0.000241 
0.000558 
0.001402 
0.004150 
0.000174 
0.000995 
0.000032 
0.000216 
0.002357 
0.004238 
0.000442 
0.016159 
0.004258 
0.000372 
0.001302 
0.000124 
0.001897 
0.000137 
0.002803 
0.000311 
0.000434 
0.008851 
0.000039 
0.000712 
0.000245 
0.000266 
0.000175 
0.000012 
0.000974 
0.000033 
0.000308 
0.000571 
0.000077 
0.000025 
0.007521 
0.000109 
0.000173 
0.279923 
0.000071 
0.000551 
0.078244 
0.000053 
0.000211 
0.000146 
0.001465 
0.000384 
0.000771 
0.000017 
0.000664 
0.000338 
0.000140 
0.000297 
0.001584 
0.000542 
0.000180 
0.000037 
0.000000 
0.000041 
0.000002 
0.001758 
0.004464 
0.000538 
0.009869 
0.003347 
0.000143 
0.000101 
0.000287 
0.002087 
0.001378 
0.000182 
0.001306 
0.000691 
0.000620 
0.008378 
0.000197 
0.000367 
0.002678 
0.000432 
0.000907 
0.000669 
0.033735 
0.000126 
0.000096 
0.000206 
0.018716 
0.000487 
0.000051 
0.006037 
0.000128 
0.000887 
0.000005 
0.000567 
0.000021 
0.003671 
0.000006 
0.027194 
0.000109 
0.000128 
0.004223 
0.000124 
0.001838 
0.000420 
0.003243 
0.014590 
0.000678 
0.000492 
0.000974 
0.000041 
0.000363 
0.000040 
0.000237 
0.000081 
0.000179 
0.001671 
0.000044 
0.000919 
0.000008 
0.000140 
0.003991 
0.000098 
0.000128 
0.004099 
0.000155 
0.000031 
0.138622 
0.001959 
0.011752 
0.000041 
0.000115 
0.001174 
0.003517 
0.000082 
0.000001 
0.000042 
0.000452 
0.000145 
0.000079 
0.000050 
0.000028 
0.000072 
0.000000 
0.000182 
0.000061 
0.000044 
0.001172 
0.001427 
0.000007 
0.000039 
0.000765 
0.000365 
0.002229 
0.000093 
0.001454 
0.000769 
0.000624 
0.010324 
0.000100 
0.002422 
0.065120 
0.000035 
0.002200 
0.000126 
0.000427 
0.000159 
0.000440 
0.010174 
0.000099 
0.000217 
0.004849 
0.002850 
0.000069 
0.000182 
0.017300 
0.000337 
0.000006 
0.000209 
0.000033 
0.000721 
0.000582 
0.000559 
0.000368 
0.000215 
0.002647 
0.000504 
0.000125 
0.001090 
0.000417 
0.000082 
0.000494 
0.000317 
0.000044 
0.000306 
0.000209 
0.000617 
0.000611 
0.000175 
0.000097 
0.002539 
0.093091 
0.041634 
0.016187 
0.000049 
0.000213 
0.000554 
0.000138 
0.000010 
0.001804 
0.000243 
0.000116 
0.000030 
0.000158 
0.000022 
0.000050 
0.003428 
0.000014 
0.000125 
0.021438 
0.040802 
0.000213 
0.000009 
0.000598 
0.000225 
0.000017 
0.000802 
0.000123 
0.000127 
0.003519 
0.001600 
0.000006 
0.000578 
0.001714 
0.008986 
0.000154 
0.000054 
0.000398 
0.000527 
0.000053 
0.007185 
0.000224 
0.000066 
0.000003 
0.000011 
0.000135 
0.000476 
0.000493 
0.000934 
0.008361 
0.004852 
0.003372 
0.001832 
0.000066 
0.000423 
0.015267 
0.001246 
0.000121 
0.000090 
0.000031 
0.143573 
0.003423 
0.000180 
0.000405 
0.000068 
0.003422 
0.000011 
0.000707 
0.000039 
0.289338 
0.000485 
0.000843 
0.242113 
0.002802 
0.000180 
0.002787 
0.000697 
0.094539 
0.000363 
0.020699 
0.001142 
0.061426 
0.002105 
0.000013 
0.000003 
0.001056 
0.000587 
0.000533 
0.000384 
0.000139 
0.000014 
0.000082 
0.000634 
0.000746 
0.000196 
0.000287 
0.000067 
0.000559 
0.000265 
0.000378 
0.000816 
0.000471 
0.000037 
0.000458 
0.000047 
0.000307 
0.000216 
0.000026 
0.000470 
0.520703 
0.001939 
0.010174 
0.000436 
0.000117 
0.000448 
0.000225 
0.001237 
0.000680 
0.000697 
0.002594 
0.001741 
0.000491 
0.000336 
0.000098 
0.000444 
0.000001 
0.009526 
0.002365 
0.000607 
0.000347 
0.000974 
0.000075 
0.000312 
0.000062 
0.000775 
0.000131 
0.000367 
0.000021 
0.000038 
0.000016 
0.000319 
0.000010 
0.000387 
0.000011 
0.000540 
0.000134 
0.000411 
0.000404 
0.000202 
0.000693 
0.005062 
0.010327 
0.000351 
0.000040 
0.000483 
0.001111 
0.000183 
0.000677 
0.002745 
0.000555 
0.010117 
0.000248 
0.000046 
0.000093 
0.002016 
0.000026 
0.007263 
0.000683 
0.000669 
0.001108 
0.000388 
0.000030 
0.000007 
0.000395 
0.003315 
0.000114 
0.000213 
0.000051 
0.139963 
0.000137 
0.000188 
0.000003 
0.000098 
0.000254 
0.000047 
0.004221 
0.000018 
0.000004 
0.004062 
0.000048 
0.010595 
0.000087 
0.000107 
0.035853 
0.000137 
0.000011 
0.210355 
0.014299 
0.007628 
0.000219 
0.000063 
0.000484 
0.001782 
0.000361 
0.003806 
0.001875 
0.000227 
0.000001 
0.000050 
0.000471 
0.008173 
0.000180 
0.001053 
0.000885 
0.000069 
0.000142 
0.000118 
0.000027 
0.002522 
0.000011 
0.000072 
0.000043 
0.000078 
0.000026 
0.000234 
0.000012 
0.265570 
0.000231 
0.000210 
0.031726 
0.000106 
0.001127 
0.000504 
0.000060 
0.000267 
0.000195 
0.000013 
0.000223 
0.000086 
0.000043 
0.000746 
0.005642 
0.000733 
0.011737 
0.000068 
0.001168 
0.000103 
0.000004 
0.000017 
0.001513 
0.000200 
0.021759 
0.004209 
0.000007 
0.000233 
0.000357 
0.001926 
0.001713 
0.000004 
0.000192 
0.000068 
0.000075 
0.000013 
0.000015 
0.000016 
0.000981 
0.000268 
0.000140 
0.000019 
0.000023 
0.001896 
0.000967 
0.000312 
0.000198 
0.000228 
0.000037 
0.000052 
0.000013 
0.000867 
0.000084 
0.021898 
0.002475 
0.000048 
0.120509 
0.000142 
0.000229 
0.006791 
0.000020 
0.000025 
0.000001 
0.000286 
0.000086 
0.000499 
0.000276 
0.003157 
0.000274 
0.001220 
0.063916 
0.000156 
0.000139 
0.013827 
0.000013 
0.000134 
0.000035 
0.000008 
0.004239 
0.012546 
0.000172 
0.000163 
0.000156 
0.001150 
0.000501 
0.000003 
0.002851 
0.000097 
0.000151 
0.000843 
0.000282 
0.000181 
0.001991 
0.000196 
0.000210 
0.061102 
0.000155 
0.000233 
0.066663 
0.025419 
0.000120 
0.002379 
0.000168 
0.000006 
0.002490 
0.000077 
0.000816 
0.001114 
0.000022 
0.001372 
0.049106 
0.003372 
0.005794 
0.009021 
0.001255 
0.000024 
0.000344 
0.021878 
0.001870 
0.000858 
0.001112 
0.001142 
0.000016 
0.000235 
0.000003 
0.000132 
0.014586 
0.000573 
0.399624 
0.000753 
0.000093 
0.000057 
0.000003 
0.003074 
0.009947 
0.000896 
0.000374 
0.002302 
0.000243 
0.001419 
0.000241 
0.008446 
0.001698 
0.000786 
0.000312 
0.000281 
0.010670 
0.008649 
0.000572 
0.000809 
0.000318 
0.017397 
0.000275 
0.000874 
0.000028 
0.000285 
0.000006 
0.000488 
0.000044 
0.000126 
0.000005 
0.000211 
0.000069 
0.000607 
0.000143 
0.000120 
0.239732 
0.000007 
0.004082 
0.000222 
0.000262 
0.000067 
0.000322 
0.000033 
0.000220 
0.000179 
0.003935 
0.001541 
0.000027 
0.000033 
0.000398 
0.000036 
0.015182 
0.000177 
0.000036 
0.000057 
0.000331 
0.022954 
0.009693 
0.001298 
0.000134 
0.000475 
0.001890 
0.069805 
0.000684 
0.000032 
0.000144 
0.002340 
0.000297 
0.000587 
0.000002 
0.000010 
0.001143 
0.000206 
0.000613 
0.000115 
0.000000 
0.001627 
0.000002 
0.008778 
0.000253 
0.000152 
0.001366 
0.000027 
0.000044 
0.000355 
0.000008 
0.000044 
0.000035 
0.000201 
0.000108 
0.000038 
0.000064 
0.000876 
0.000003 
0.000677 
0.000002 
0.000000 
0.000027 
0.000044 
0.000246 
0.002663 
0.001760 
0.012738 
0.001691 
0.001061 
0.000232 
0.004603 
0.000185 
0.000180 
0.000018 
0.016472 
0.000054 
0.000036 
0.000060 
0.000035 
0.000208 
0.000312 
0.000111 
0.000020 
0.003113 
0.021024 
0.000142 
0.001487 
0.000092 
0.000401 
0.054378 
0.000039 
0.000045 
0.000036 
0.000060 
0.000222 
0.000175 
0.000157 
0.000068 
0.000004 
0.000132 
0.000000 
0.000115 
0.000131 
0.011664 
0.003667 
0.000007 
0.000007 
0.000096 
0.000107 
0.000022 
0.000203 
0.000710 
0.000010 
0.000033 
0.052415 
0.000003 
0.000066 
0.000095 
0.000054 
0.000121 
0.001535 
0.000002 
0.000022 
0.001630 
0.000040 
0.000108 
0.000048 
0.000458 
0.000027 
0.000013 
0.000195 
0.000025 
0.000648 
0.000304 
0.000063 
0.000082 
0.025157 
0.000080 
0.000396 
0.000138 
0.006627 
0.000017 
0.000006 
0.000365 
0.000799 
0.000753 
0.000057 
0.000040 
0.000071 
0.001945 
0.000079 
0.000100 
0.000159 
0.000026 
0.000380 
0.000001 
0.000116 
0.000009 
0.000060 
0.000012 
0.000102 
0.000682 
0.000449 
0.000462 
0.000815 
0.001030 
0.000557 
0.000049 
0.000590 
0.000040 
0.000012 
0.000074 
0.000508 
0.000231 
0.000010 
0.000226 
0.000264 
0.000270 
0.000631 
0.000310 
0.000005 
0.000003 
0.000005 
0.000228 
0.000081 
0.000004 
0.000371 
0.000077 
0.000001 
0.001039 
0.000355 
0.000073 
0.000029 
0.000109 
0.000047 
0.000204 
0.000000 
0.000002 
0.000190 
0.000041 
0.000181 
0.000279 
0.001545 
0.000002 
0.000003 
0.003126 
0.000083 
0.000191 
0.000119 
0.000330 
0.000039 
0.000003 
0.000139 
0.000988 
0.015223 
0.000030 
0.000777 
0.000522 
0.000003 
0.000014 
0.001000 
0.000009 
0.002201 
0.000005 
0.000015 
0.000039 
0.000880 
0.000079 
0.000178 
0.000048 
0.000271 
0.001612 
0.000431 
0.000030 
0.000059 
0.000001 
0.000118 
0.000000 
0.000025 
0.000610 
0.000062 
0.000016 
0.001410 
0.000160 
0.002867 
0.000253 
0.000135 
0.000362 
0.000657 
0.000029 
0.000031 
0.000072 
0.000011 
0.000042 
0.000229 
0.000121 
0.000432 
0.000129 
0.000017 
0.000039 
0.000003 
0.000203 
0.000042 
0.000510 
0.000008 
0.000022 
0.000019 
0.000003 
0.000578 
0.000191 
0.000000 
0.000064 
0.000084 
0.000060 
0.007106 
0.000179 
0.000502 
0.000018 
0.000000 
0.000001 
0.000088 
0.000376 
0.091061 
0.151802 
0.000135 
0.000001 
0.000002 
0.336092 
0.002528 
0.000349 
0.000146 
0.000095 
0.000024 
0.001125 
0.000040 
0.000077 
0.000003 
0.000016 
0.449220 
0.000453 
0.000058 
0.000018 
0.000955 
0.000002 
0.002136 
0.000003 
0.000020 
0.000059 
0.002144 
0.000045 
0.000128 
0.000080 
0.000178 
0.000162 
0.000162 
0.000004 
0.000065 
0.000012 
0.000321 
0.000003 
0.000017 
0.000002 
0.000031 
0.000022 
0.000168 
0.000097 
0.000260 
0.000160 
0.000839 
0.000827 
0.001513 
0.000012 
0.000052 
0.000002 
0.000008 
0.000055 
0.000047 
0.000025 
0.000014 
0.000003 
0.000008 
0.000765 
0.000008 
0.000002 
0.000014 
0.000001 
0.000001 
0.000032 
0.000024 
0.000001 
0.006377 
0.000408 
0.000000 
0.000042 
0.000020 
0.000016 
0.000019 
0.000042 
0.000002 
0.000005 
0.000002 
0.000001 
0.000122 
0.000040 
0.000086 
0.000011 
0.000063 
0.000000 
0.000001 
0.000001 
0.000023 
0.000042 
0.000051 
0.000137 
0.000015 
0.000003 
0.000015 
0.000057 
0.000008 
0.000008 
0.000005 
0.000079 
0.000004 
0.000024 
0.001015 
0.000001 
0.002869 
0.000007 
0.000000 
0.000011 
0.000451 
0.000075 
0.000111 
0.000033 
0.000184 
0.000015 
0.000113 
0.000026 
0.000212 
0.000039 
0.000238 
0.000000 
0.000012 
0.000111 
0.000055 
0.000624 
0.000017 
0.007463 
0.000843 
0.115231 
0.000051 
0.000269 
0.000640 
0.000057 
0.000052 
0.000028 
0.001831 
0.000101 
0.000013 
0.001215 
0.000466 
0.000110 
0.000040 
0.001230 
0.000009 
0.000005 
0.000016 
0.000012 
0.000002 
0.000273 
0.000871 
0.000002 
0.005656 
0.000032 
0.000016 
0.000414 
0.000191 
0.000196 
0.053565 
0.018871 
0.001718 
0.000079 
0.000012 
0.000013 
0.000124 
0.001742 
0.000071 
0.000049 
0.000156 
0.016354 
0.000258 
0.000006 
0.001039 
0.000056 
0.000735 
0.000003 
0.000065 
0.000015 
0.044190 
0.016012 
0.000030 
0.000188 
0.000022 
0.005156 
0.005142 
0.003672 
0.000425 
0.000149 
0.024061 
0.000016 
0.007115 
0.001265 
0.002687 
0.000101 
0.000449 
0.000026 
0.000107 
0.000263 
0.000210 
0.000027 
0.000266 
0.000010 
0.000076 
0.000005 
0.002165 
0.000034 
0.040761 
0.000027 
0.000004 
0.019034 
0.000447 
0.000039 
0.000039 
0.003471 
0.000130 
0.000095 
0.000038 
0.000088 
0.000378 
0.000663 
0.000112 
0.000319 
0.000056 
0.002014 
0.000356 
0.000810 
0.000222 
0.000005 
0.000280 
0.000024 
0.000032 
0.000127 
0.000160 
0.000007 
0.000160 
0.001983 
0.000116 
0.000019 
0.002088 
0.000462 
0.000013 
0.000009 
0.000002 
0.000071 
0.000001 
0.000000 
0.000083 
0.000310 
0.000055 
0.000012 
0.000172 
0.000000 
0.000013 
0.000040 
0.000024 
0.000027 
0.000038 
0.000124 
0.000075 
0.000004 
0.000004 
0.000035 
0.001294 
0.000016 
0.000007 
0.005644 
0.000002 
0.000090 
0.007946 
0.000003 
0.041891 
0.000251 
0.000000 
0.000020 
0.000355 
0.000258 
0.119687 
0.000077 
0.000060 
0.000222 
0.000065 
0.000163 
0.000622 
0.000018 
0.000319 
0.000001 
0.000275 
0.000030 
0.000048 
0.000060 
0.008971 
0.000555 
0.000829 
0.000367 
0.000024 
0.006588 
0.000611 
0.000316 
0.000022 
0.002154 
0.000029 
0.000039 
0.000756 
0.000215 
0.000176 
0.000014 
0.000443 
0.001675 
0.000910 
0.000029 
0.003765 
0.000001 
0.000004 
0.000119 
0.000145 
0.000009 
0.000810 
0.000032 
0.000091 
0.000500 
0.000061 
0.006336 
0.000025 
0.000039 
0.000072 
0.000007 
0.000003 
0.000001 
0.000135 
0.000439 
0.000006 
0.000015 
0.000105 
0.000005 
0.000007 
0.000575 
0.002567 
0.000551 
0.002287 
0.002957 
0.000191 
0.000087 
0.000012 
0.000080 
0.017181 
0.000062 
0.000182 
0.000496 
0.000113 
0.000132 
0.000423 
0.000110 
0.000246 
0.000046 
0.000000 
0.000093 
0.000425 
0.012307 
0.001403 
0.000041 
0.000187 
0.000376 
0.000224 
0.000082 
0.010376 
0.000016 
0.002334 
0.004061 
0.000008 
0.000009 
0.000176 
0.000402 
0.000001 
0.000246 
0.000716 
0.002270 
0.000051 
0.000609 
0.001323 
0.000018 
0.000028 
0.000042 
0.000826 
0.001561 
0.000081 
0.000088 
0.000025 
0.000011 
0.000514 
0.000142 
0.089538 
0.000015 
0.000011 
0.000002 
0.000100 
0.000037 
0.000162 
0.000011 
0.000046 
0.000003 
0.000014 
0.000009 
0.000052 
0.000296 
0.000003 
0.000004 
0.000001 
0.000002 
0.000001 
0.000014 
0.000035 
0.000065 
0.000007 
0.000033 
0.000292 
0.000000 
0.000012 
0.000005 
0.000143 
0.000211 
0.000351 
0.000062 
0.000038 
0.000059 
0.000032 
0.000092 
0.000006 
0.000346 
0.000004 
0.000177 
0.000057 
0.000052 
0.000339 
0.000095 
0.000051 
0.000008 
0.000000 
0.001148 
0.000626 
0.000037 
0.000361 
0.000262 
0.000123 
0.000165 
0.000510 
0.000058 
0.002724 
0.000006 
0.000049 
0.004155 
0.000007 
0.000106 
0.000079 
0.000026 
0.000004 
0.000274 
0.000779 
0.000313 
0.000041 
0.003987 
0.000133 
0.000017 
0.000050 
0.000034 
0.003289 
0.000329 
0.000034 
0.000091 
0.000057 
0.000009 
0.000015 
0.000120 
0.000075 
0.000320 
0.000043 
0.000002 
0.000079 
0.000148 
0.000108 
0.000004 
0.000082 
0.000153 
0.000003 
0.000118 
0.000093 
0.000219 
0.000213 
0.000002 
0.000000 
0.000047 
0.000003 
0.000003 
0.000788 
0.000179 
0.000041 
0.000092 
0.000039 
0.000031 
0.000007 
0.000000 
0.000311 
0.000033 
0.000511 
0.000007 
0.000016 
0.000025 
0.000041 
0.000726 
0.001370 
0.000118 
0.000001 
0.000811 
0.000054 
0.000150 
0.000640 
0.000028 
0.000102 
0.000001 
0.000000 
0.000363 
0.002538 
0.000214 
0.001053 
0.004366 
0.000083 
0.003648 
0.002211 
0.000066 
0.000718 
0.000010 
0.002024 
0.000033 
0.000059 
0.000283 
0.000134 
0.001260 
0.000008 
0.000086 
0.000592 
0.012423 
0.000007 
0.000403 
0.000406 
0.000026 
0.000281 
0.000035 
0.000098 
0.000096 
0.000067 
0.000523 
0.000026 
0.000162 
0.000098 
0.000162 
0.017276 
0.000033 
0.000037 
0.000003 
0.000001 
0.000308 
0.000166 
0.000001 
0.005544 
0.000131 
0.000010 
0.000005 
0.000014 
0.004923 
0.000125 
0.000038 
0.000004 
0.000124 
0.000163 
0.000001 
0.000657 
0.000414 
0.000014 
0.000009 
0.001691 
0.000000 
0.000000 
0.000000 
0.000515 
0.000152 
0.000333 
0.000001 
0.000023 
0.000074 
0.000014 
0.002277 
0.000003 
0.046399 
0.000030 
0.001324 
0.000112 
0.000234 
0.000593 
0.000009 
0.002848 
0.005187 
0.000001 
0.003655 
0.000216 
0.000863 
0.000278 
0.000614 
0.000100 
0.000119 
0.000191 
0.000053 
0.000117 
0.000007 
0.001421 
0.000001 
0.000036 
0.000014 
0.000048 
0.000037 
0.000011 
0.000073 
0.001681 
0.000062 
0.000004 
0.000373 
0.000124 
0.000054 
0.000297 
0.000165 
0.000017 
0.000054 
0.000404 
0.000056 
0.000024 
0.000145 
0.000394 
0.000463 
0.000003 
0.000029 
0.000008 
0.000000 
0.000012 
0.000272 
0.000091 
0.000015 
0.000205 
0.000002 
0.000022 
0.000005 
0.000084 
0.000173 
0.000001 
0.000006 
0.000001 
0.000028 
0.000010 
0.000028 
0.000178 
0.000349 
0.000001 
0.000005 
0.000389 
0.000000 
0.000002 
0.000006 
0.000096 
0.000017 
0.000186 
0.000002 
0.000025 
0.000012 
0.000088 
0.000010 
0.000001 
0.000010 
0.000024 
0.000337 
0.000003 
0.000095 
0.000213 
0.000002 
0.000078 
0.000001 
0.000000 
0.000016 
0.000113 
0.000186 
0.000119 
0.000614 
0.000108 
0.000794 
0.000072 
0.000022 
0.000088 
0.000004 
0.000227 
0.000001 
0.000041 
0.000012 
0.000018 
0.000025 
0.000002 
0.000043 
0.000490 
0.000016 
0.000002 
0.000193 
0.000109 
0.000032 
0.000109 
0.000093 
0.000012 
0.000044 
0.000192 
0.000025 
0.000027 
0.000038 
0.000113 
0.000226 
0.000001 
0.000038 
0.000004 
0.000000 
0.000003 
0.000356 
0.000050 
0.000004 
0.000042 
0.000067 
0.000003 
0.000002 
0.000014 
0.000253 
0.000001 
0.000003 
0.000000 
0.000011 
0.000004 
0.000004 
0.000076 
0.000234 
0.000000 
0.000004 
0.000170 
0.000000 
0.000001 
0.000019 
0.000071 
0.000013 
0.000145 
0.000001 
0.000010 
0.000010 
0.000058 
0.000008 
0.000000 
0.000015 
0.000004 
0.000391 
0.000003 
0.000052 
0.000134 
0.000002 
0.000073 
0.000000 
0.000000 
0.000013 
0.000050 
0.000055 
0.000090 
0.000057 
0.000047 
0.000240 
0.000040 
0.000026 
0.000057 
0.000003 
0.000134 
0.000001 
0.000021 
0.000008 
0.000017 
0.000015 
0.000002 
0.000030 
0.000350 
0.000012 
0.000001 
0.000162 
0.000080 
0.000022 
0.000098 
0.000058 
0.000011 
0.000031 
0.000123 
0.000019 
0.000015 
0.000041 
0.000098 
0.000168 
0.000001 
0.000011 
0.000003 
0.000000 
0.000003 
0.000354 
0.000046 
0.000003 
0.000031 
0.000012 
0.000003 
0.000001 
0.000010 
0.000187 
0.000001 
0.000002 
0.000000 
0.000009 
0.000003 
0.000003 
0.000056 
0.000173 
0.000000 
0.000004 
0.000127 
0.000000 
0.000001 
0.000016 
0.000052 
0.000012 
0.000102 
0.000000 
0.000010 
0.000010 
0.000041 
0.000007 
0.000000 
0.000014 
0.000004 
0.000314 
0.000002 
0.000042 
0.000109 
0.000001 
0.000067 
0.000000 
0.000000 
0.000010 
0.000037 
0.000038 
0.000080 
0.000041 
0.000037 
0.000194 
0.000032 
0.000023 
0.000049 
0.000002 
0.000101 
0.000001 
0.000015 
0.000007 
0.000015 
0.000012 
0.000002 
0.000027 
0.000251 
0.000010 
0.000001 
0.000143 
0.000070 
0.000018 
0.000071 
0.000044 
0.000010 
0.000026 
0.000094 
0.000016 
0.000011 
0.000036 
0.000078 
0.000135 
0.000001 
0.000007 
0.000003 
0.000000 
0.000003 
0.000271 
0.000039 
0.000002 
0.000024 
0.000009 
0.000002 
0.000001 
0.000008 
0.000149 
0.000001 
0.000002 
0.000000 
0.000008 
0.000003 
0.000003 
0.000046 
0.000144 
0.000000 
0.000003 
0.000106 
0.000000 
0.000000 
0.000014 
0.000042 
0.000011 
0.000082 
0.000000 
0.000009 
0.000009 
0.000035 
0.000006 
0.000000 
0.000013 
0.000003 
0.000263 
0.000002 
0.000037 
0.000095 
0.000001 
0.000061 
0.000000 
0.000000 
0.000008 
0.000029 
0.000028 
0.000072 
0.000033 
0.000031 
0.000162 
0.000028 
0.000020 
0.000043 
0.000002 
0.000081 
0.000001 
0.000012 
0.000006 
0.000013 
0.000010 
0.000002 
0.000025 
0.000197 
0.000009 
0.000001 
0.000128 
0.000063 
0.000015 
0.000056 
0.000036 
0.000009 
0.000023 
0.000075 
0.000014 
0.000009 
0.000033 
0.000064 
0.000113 
0.000001 
0.000005 
0.000003 
0.000000 
0.000003 
0.000216 
0.000033 
0.000002 
0.000020 
0.000008 
0.000002 
0.000001 
0.000007 
0.000124 
0.000001 
0.000002 
0.000000 
0.000007 
0.000002 
0.000002 
0.000039 
0.000125 
0.000000 
0.000003 
0.000091 
0.000000 
0.000000 
0.000013 
0.000036 
0.000010 
0.000069 
0.000000 
0.000009 
0.000009 
0.000031 
0.000005 
0.000000 
0.000013 
0.000003 
0.000224 
0.000002 
0.000033 
0.000085 
0.000001 
0.000057 
0.000000 
0.000000 
0.000007 
0.000024 
0.000023 
0.000065 
0.000028 
0.000026 
0.000140 
0.000024 
0.000018 
0.000039 
0.000002 
0.000068 
0.000001 
0.000009 
0.000006 
0.000012 
0.000008 
0.000001 
0.000023 
0.000162 
0.000008 
0.000001 
0.000116 
0.000057 
0.000013 
0.000046 
0.000030 
0.000008 
0.000020 
0.000062 
0.000012 
0.000008 
0.000030 
0.000055 
0.000096 
0.000001 
0.000004 
0.000002 
0.000000 
0.000003 
0.000178 
0.000029 
0.000002 
0.000017 
0.000006 
0.000002 
0.000001 
0.000006 
0.000107 
0.000001 
0.000001 
0.000000 
0.000006 
0.000002 
0.000002 
0.000034 
0.000111 
0.000000 
0.000003 
0.000079 
0.000000 
0.000000 
0.000011 
0.000031 
0.000010 
0.000059 
0.000000 
0.000008 
0.000008 
0.000027 
0.000005 
0.000000 
0.000012 
0.000002 
0.000195 
0.000001 
0.000030 
0.000078 
0.000001 
0.000053 
0.000000 
0.000000 
0.000006 
0.000021 
0.000019 
0.000060 
0.000024 
0.000023 
0.000122 
0.000022 
0.000017 
0.000035 
0.000002 
0.000058 
0.000001 
0.000008 
0.000006 
0.000011 
0.000007 
0.000001 
0.000022 
0.000138 
0.000007 
0.000001 
0.000105 
0.000052 
0.000011 
0.000038 
0.000026 
0.000008 
0.000018 
0.000052 
0.000011 
0.000007 
0.000027 
0.000048 
0.000084 
0.000001 
0.000003 
0.000002 
0.000000 
0.000002 
0.000151 
0.000026 
0.000001 
0.000015 
0.000006 
0.000001 
0.000001 
0.000005 
0.000094 
0.000001 
0.000001 
0.000000 
0.000005 
0.000002 
0.000002 
0.000030 
0.000100 
0.000000 
0.000003 
0.000071 
0.000000 
0.000000 
0.000010 
0.000027 
0.000009 
0.000052 
0.000000 
0.000008 
0.000008 
0.000025 
0.000004 
0.000000 
0.000012 
0.000002 
0.000171 
0.000001 
0.000028 
0.000072 
0.000001 
0.000049 
0.000000 
0.000000 
0.000006 
0.000018 
0.000016 
0.000055 
0.000021 
0.000021 
0.000109 
0.000020 
0.000015 
0.000033 
0.000002 
0.000051 
0.000001 
0.000007 
0.000005 
0.000010 
0.000006 
0.000001 
0.000021 
0.000120 
0.000007 
0.000001 
0.000096 
0.000048 
0.000010 
0.000033 
0.000023 
0.000007 
0.000017 
0.000045 
0.000010 
0.000006 
0.000025 
0.000043 
0.000075 
0.000001 
0.000003 
0.000002 
0.000000 
0.000002 
0.000131 
0.000023 
0.000001 
0.000014 
0.000005 
0.000001 
0.000001 
0.000005 
0.000084 
0.000001 
0.000001 
0.000000 
0.000005 
0.000002 
0.000002 
0.000027 
0.000092 
0.000000 
0.000003 
0.000064 
0.000000 
0.000000 
0.000009 
0.000025 
0.000009 
0.000047 
0.000000 
0.000008 
0.000007 
0.000023 
0.000004 
0.000000 
0.000011 
0.000002 
0.000153 
0.000001 
0.000026 
0.000067 
0.000001 
0.000046 
0.000000 
0.000000 
0.000005 
0.000016 
0.000014 
0.000052 
0.000019 
0.000019 
0.000098 
0.000018 
0.000014 
0.000031 
0.000001 
0.000046 
0.000001 
0.000006 
0.000005 
0.000010 
0.000005 
0.000001 
0.000019 
0.000106 
0.000006 
0.000001 
0.000088 
0.000044 
0.000009 
0.000029 
0.000020 
0.000007 
0.000015 
0.000040 
0.000009 
0.000005 
0.000023 
0.000038 
0.000067 
0.000000 
0.000002 
0.000002 
0.000000 
0.000002 
0.000116 
0.000021 
0.000001 
0.000012 
0.000004 
0.000001 
0.000001 
0.000004 
0.000076 
0.000001 
0.000001 
0.000000 
0.000004 
0.000001 
0.000002 
0.000025 
0.000085 
0.000000 
0.000002 
0.000058 
0.000000 
0.000000 
0.000009 
0.000022 
0.000009 
0.000042 
0.000000 
0.000007 
0.000007 
0.000021 
0.000004 
0.000000 
0.000010 
0.000002 
0.000137 
0.000001 
0.000025 
0.000063 
0.000001 
0.000043 
0.000000 
0.000000 
0.000005 
0.000015 
0.000013 
0.000048 
0.000017 
0.000017 
0.000088 
0.000017 
0.000013 
0.000029 
0.000001 
0.000042 
0.000001 
0.000005 
0.000005 
0.000009 
0.000005 
0.000001 
0.000018 
0.000095 
0.000006 
0.000001 
0.000082 
0.000041 
0.000008 
0.000026 
0.000018 
0.000006 
0.000014 
0.000036 
0.000008 
0.000004 
0.000022 
0.000035 
0.000061 
0.000000 
0.000002 
0.000002 
0.000000 
0.000002 
0.000104 
0.000020 
0.000001 
0.000011 
0.000004 
0.000001 
0.000001 
0.000004 
0.000069 
0.000001 
0.000001 
0.000000 
0.000004 
0.000001 
0.000002 
0.000023 
0.000079 
0.000000 
0.000002 
0.000054 
0.000000 
0.000000 
0.000008 
0.000020 
0.000008 
0.000039 
0.000000 
0.000007 
0.000007 
0.000019 
0.000004 
0.000000 
0.000010 
0.000002 
0.000125 
0.000001 
0.000023 
0.000060 
0.000001 
0.000041 
0.000000 
0.000000 
0.000004 
0.000013 
0.000012 
0.000046 
0.000016 
0.000016 
0.000081 
0.000016 
0.000013 
0.000027 
0.000001 
0.000038 
0.000001 
0.000005 
0.000005 
0.000009 
0.000004 
0.000001 
0.000017 
0.000086 
0.000005 
0.000001 
0.000076 
0.000039 
0.000008 
0.000023 
0.000016 
0.000006 
0.000013 
0.000032 
0.000008 
0.000004 
0.000020 
0.000032 
0.000055 
0.000000 
0.000002 
0.000002 
0.000000 
0.000002 
0.000094 
0.000018 
0.000001 
0.000011 
0.000004 
0.000001 
0.000001 
0.000004 
0.000064 
0.000001 
0.000001 
0.000000 
0.000003 
0.000001 
0.000001 
0.000021 
0.000075 
0.000000 
0.000002 
0.000050 
0.000000 
0.000000 
0.000008 
0.000019 
0.000008 
0.000036 
0.000000 
0.000007 
0.000006 
0.000018 
0.000003 
0.000000 
0.000010 
0.000001 
0.000114 
0.000001 
0.000022 
0.000056 
0.000001 
0.000039 
0.000000 
0.000000 
0.000004 
0.000012 
0.000011 
0.000043 
0.000015 
0.000015 
0.000074 
0.000015 
0.000012 
0.000026 
0.000001 
0.000035 
0.000001 
0.000004 
0.000005 
0.000008 
0.000004 
0.000001 
0.000017 
0.000079 
0.000005 
0.000001 
0.000071 
0.000036 
0.000007 
0.000021 
0.000015 
0.000005 
0.000013 
0.000029 
0.000007 
0.000004 
0.000019 
0.000029 
0.000051 
0.000000 
0.000001 
0.000002 
0.000000 
0.000002 
0.000085 
0.000017 
0.000001 
0.000010 
0.000003 
0.000001 
0.000001 
0.000003 
0.000059 
0.000001 
0.000001 
0.000000 
0.000003 
0.000001 
0.000001 
0.000020 
0.000070 
0.000000 
0.000002 
0.000046 
0.000000 
0.000000 
0.000007 
0.000017 
0.000008 
0.000033 
0.000000 
0.000007 
0.000006 
0.000017 
0.000003 
0.000000 
0.000009 
0.000001 
0.000104 
0.000001 
0.000021 
0.000054 
0.000001 
0.000037 
0.000000 
0.000000 
0.000004 
0.000011 
0.000010 
0.000041 
0.000014 
0.000014 
0.000069 
0.000014 
0.000011 
0.000025 
0.000001 
0.000032 
0.000001 
0.000004 
0.000004 
0.000008 
0.000004 
0.000001 
0.000016 
0.000073 
0.000005 
0.000001 
0.000067 
0.000034 
0.000007 
0.000019 
0.000014 
0.000005 
0.000012 
0.000027 
0.000007 
0.000003 
0.000018 
0.000027 
0.000047 
0.000000 
0.000001 
0.000001 
0.000000 
0.000002 
0.000078 
0.000016 
0.000001 
0.000009 
0.000003 
0.000001 
0.000001 
0.000003 
0.000055 
0.000001 
0.000001 
0.000000 
0.000003 
0.000001 
0.000001 
0.000018 
0.000067 
0.000000 
0.000002 
0.000043 
0.000000 
0.000000 
0.000007 
0.000016 
0.000008 
0.000031 
0.000000 
0.000007 
0.000006 
0.000016 
0.000003 
0.000000 
0.000009 
0.000001 
0.000096 
0.000001 
0.000020 
0.000052 
0.000001 
0.000035 
0.000000 
0.000000 
0.000004 
0.000011 
0.000009 
0.000039 
0.000013 
0.000013 
0.000064 
0.000013 
0.000011 
0.000024 
0.000001 
0.000030 
0.000001 
0.000004 
0.000004 
0.000008 
0.000003 
0.000001 
0.000015 
0.000067 
0.000004 
0.000001 
0.000063 
0.000032 
0.000006 
0.000018 
0.000013 
0.000005 
0.000011 
0.000024 
0.000006 
0.000003 
0.000017 
0.000025 
0.000044 
0.000000 
0.000001 
0.000001 
0.000000 
0.000002 
0.000072 
0.000015 
0.000001 
0.000009 
0.000003 
0.000001 
0.000001 
0.000003 
0.000052 
0.000001 
0.000001 
0.000000 
0.000003 
0.000001 
0.000001 
0.000017 
0.000064 
0.000000 
0.000002 
0.000040 
0.000000 
0.000000 
0.000006 
0.000015 
0.000008 
0.000029 
0.000000 
0.000007 
0.000006 
0.000015 
0.000003 
0.000000 
0.000009 
0.000001 
0.000089 
0.000001 
0.000019 
0.000049 
0.000001 
0.000034 
0.000000 
0.000000 
0.000003 
0.000010 
0.000008 
0.000037 
0.000012 
0.000012 
0.000060 
0.000013 
0.000010 
0.000023 
0.000001 
0.000028 
0.000001 
0.000003 
0.000004 
0.000007 
0.000003 
0.000001 
0.000014 
0.000063 
0.000004 
0.000000 
0.000060 
0.000031 
0.000006 
0.000017 
0.000012 
0.000005 
0.000011 
0.000023 
0.000006 
0.000003 
0.000016 
0.000024 
0.000041 
0.000000 
0.000001 
0.000001 
0.000000 
0.000002 
0.000067 
0.000014 
0.000001 
0.000008 
0.000003 
0.000001 
0.000001 
0.000003 
0.000049 
0.000001 
0.000001 
0.000000 
0.000003 
0.000001 
0.000001 
0.000016 
0.000061 
0.000000 
0.000002 
0.000038 
0.000000 
0.000000 
0.000006 
0.000014 
0.000007 
0.000027 
0.000000 
0.000006 
0.000005 
0.000014 
0.000003 
0.000000 
0.000008 
0.000001 
0.000083 
0.000001 
0.000019 
0.000048 
0.000001 
0.000032 
0.000000 
0.000000 
0.000003 
0.000009 
0.000008 
0.000036 
0.000011 
0.000011 
0.000056 
0.000012 
0.000010 
0.000022 
0.000001 
0.000027 
0.000001 
0.000003 
0.000004 
0.000007 
0.000003 
0.000001 
0.000014 
0.000059 
0.000004 
0.000000 
0.000057 
0.000029 
0.000006 
0.000016 
0.000011 
0.000004 
0.000010 
0.000021 
0.000005 
0.000003 
0.000016 
0.000022 
0.000038 
0.000000 
0.000001 
0.000001 
0.000000 
0.000002 
0.000063 
0.000014 
0.000001 
0.000008 
0.000003 
0.000001 
0.000001 
0.000003 
0.000046 
0.000001 
0.000001 
0.000000 
0.000002 
0.000001 
0.000001 
0.000016 
0.000058 
0.000000 
0.000002 
0.000036 
0.000000 
0.000000 
0.000006 
0.000013 
0.000007 
0.000026 
0.000000 
0.000006 
0.000005 
0.000014 
0.000003 
0.000000 
0.000008 
0.000001 
0.000078 
0.000001 
0.000018 
0.000046 
0.000001 
0.000031 
0.000000 
0.000000 
0.000003 
0.000009 
0.000007 
0.000034 
0.000011 
0.000011 
0.000053 
0.000012 
0.000010 
0.000021 
0.000001 
0.000025 
0.000000 
0.000003 
0.000004 
0.000007 
0.000003 
0.000001 
0.000013 
0.000055 
0.000004 
0.000000 
0.000054 
0.000028 
0.000005 
0.000015 
0.000010 
0.000004 
0.000010 
0.000020 
0.000005 
0.000003 
0.000015 
0.000021 
0.000036 
0.000000 
0.000001 
0.000001 
0.000000 
0.000002 
0.000059 
0.000013 
0.000001 
0.000007 
0.000002 
0.000001 
0.000001 
0.000002 
0.000044 
0.000001 
0.000001 
0.000000 
0.000002 
0.000001 
0.000001 
0.000015 
0.000056 
0.000000 
0.000002 
0.000034 
0.000000 
0.000000 
0.000005 
0.000013 
0.000007 
0.000024 
0.000000 
0.000006 
0.000005 
0.000013 
0.000003 
0.000000 
0.000008 
0.000001 
0.000074 
0.000001 
0.000017 
0.000044 
0.000001 
0.000030 
0.000000 
0.000000 
0.000003 
