9.265551
9.276026
9.261666
9.252694
9.240727
9.199530
9.230688
9.145414
8.994125
8.673895
8.268878
7.809442
7.852319
6.786056
7.443435
7.467751
7.354951
6.917491
6.987791
6.710285
6.663952
7.264996
6.998759
7.107487
7.095881
7.606932
7.082439
7.190442
6.968071
6.915350
6.446531
6.681127
5.949781
6.797062
6.675935
6.690054
7.550909
6.605381
6.692567
6.801342
6.993661
7.053665
6.390149
7.058753
7.210507
6.414543
7.098413
6.793705
7.285774
6.396105
6.084139
7.137903
6.469366
7.110329
6.391323
6.437857
6.675095
6.283868
6.662722
6.216752
6.321772
6.911982
6.127446
6.084943
7.050823
6.847946
6.822317
6.867709
6.209866
6.825613
6.956188
6.544430
7.149757
6.829456
6.750366
6.456924
6.438499
6.885793
6.406956
6.787263
6.395010
7.078470
9.130832
8.955395
8.578728
6.749264
6.807642
6.827314
6.459469
7.002234
6.692865
6.574026
6.296758
6.624729
6.815267
5.964262
6.680576
6.802821
6.542353
6.388727
6.645752
6.321010
6.513843
6.646931
6.612834
6.804713
6.805686
7.120381
6.812251
6.923568
6.638148
6.576847
6.280585
6.555472
5.881921
6.637812
6.568877
6.447864
7.132278
6.486547
6.520228
6.569651
6.767760
6.920660
6.262927
6.817076
6.930873
6.306945
6.964224
6.656648
7.124439
6.318164
6.055184
7.072766
6.379217
7.034480
6.371949
6.281138
6.623854
6.217570
6.627262
6.128021
6.269270
6.791913
6.147102
6.040830
6.863762
6.693711
6.780953
6.790266
6.141640
6.782454
6.883363
6.508952
7.026988
6.749615
6.669919
6.318593
6.406793
6.811290
6.291969
6.679603
6.330561
7.002558
6.680533
6.138562
6.415370
6.441024
6.753042
6.587733
6.254896
6.798202
6.424407
6.346366
6.128658
6.527650
6.709758
5.731148
6.409832
6.601125
6.450102
6.160113
6.561850
6.074577
6.430924
6.449342
6.321708
6.522932
6.692552
6.883336
6.634379
6.707468
6.429349
6.389407
6.051172
6.299757
5.849483
6.328337
6.362686
6.269584
6.795899
6.319066
6.258554
6.364395
6.587673
6.614436
6.024146
6.512495
6.716511
6.192243
6.794391
6.475706
6.969838
6.171790
5.921421
6.835639
6.299914
6.836854
6.290622
5.852442
6.523564
5.820120
6.518449
5.890771
6.122201
6.604664
6.099992
5.870407
6.612414
6.525837
6.794102
6.805192
6.092969
6.556469
6.787713
6.383452
6.849487
6.755769
6.468378
5.898739
6.333676
6.541862
6.179533
6.434196
6.037718
7.037317
6.669431
6.046234
6.204555
6.297656
6.691070
6.375071
6.032377
6.625653
6.085564
5.979198
5.855666
6.315691
6.735979
5.473167
6.339767
6.530541
6.356440
6.013947
6.520960
5.955078
6.406367
6.382764
5.914072
6.299695
6.462060
6.651388
6.448048
6.541945
6.265918
6.277382
5.793494
6.079561
5.680168
6.193154
6.049517
6.238002
6.395233
6.163800
6.070554
6.165003
6.351128
6.322117
5.926387
6.225384
6.563357
5.989607
6.599778
6.422646
6.703948
6.057070
5.723099
6.515263
6.173416
6.609351
6.041429
5.607025
6.319691
5.416118
6.342035
5.883080
5.944013
6.482754
5.816858
5.625058
6.509870
6.487934
6.467896
6.909261
5.963302
6.166178
6.637785
6.124259
6.710295
6.852770
6.229114
5.680879
6.284346
6.316782
6.051192
6.279082
5.692026
6.739922
6.554571
5.867513
6.146089
6.005105
6.497067
6.194781
5.638000
6.329396
5.656201
5.521347
5.463279
5.895770
6.509828
5.095322
5.976032
6.532776
6.004235
5.749412
6.407479
5.642007
6.035129
6.198103
5.464336
5.994537
6.062014
6.337674
6.184227
6.359730
6.025967
5.992612
5.321487
5.663754
5.464183
6.157961
5.648742
5.947212
5.983174
5.706296
5.716012
5.887006
5.811274
5.965698
5.836307
6.038319
6.408357
5.581942
6.134931
6.081244
6.446749
6.014602
5.268251
6.010401
5.814794
6.071441
5.253653
5.282959
5.935661
5.091485
5.855058
5.697449
5.649805
6.112181
5.127496
4.992762
6.010417
6.341084
5.889570
6.760989
5.811190
5.609645
6.281631
5.726865
6.393212
6.845955
5.932762
5.423381
6.058084
5.929322
5.527320
6.133730
5.142427
6.139926
6.250404
5.527832
5.860929
5.864260
5.901691
5.765706
5.490313
6.095474
5.169913
5.116539
4.952620
5.451253
6.155668
4.818050
5.582227
6.417578
5.356205
5.334580
6.152291
5.023020
5.689300
6.033679
5.139856
5.794216
5.573197
5.948355
5.772361
6.062824
5.556500
5.475318
5.170612
5.245978
5.210320
5.763201
5.366672
5.173250
5.739630
5.284498
5.338840
5.804383
5.226834
5.596241
5.720385
5.853393
5.809322
5.285137
5.535901
5.579576
5.938281
5.868514
4.793737
5.795107
5.191572
5.890510
4.827657
4.814697
5.306309
5.093569
5.538099
5.456275
5.226826
5.633855
4.501968
4.210591
5.821230
6.135280
5.697408
6.542006
5.744628
5.332907
6.098805
5.318761
6.158296
6.565856
5.373946
4.837455
5.906782
5.526913
5.108680
6.323702
4.842732
5.940119
5.916101
5.123671
5.524262
5.572282
5.215366
5.339270
5.027162
5.669102
4.637421
4.794219
4.419559
5.152158
5.803020
4.535052
5.380276
6.206641
5.105474
5.085311
5.763927
4.308597
5.262030
5.807593
4.752748
5.435486
5.155972
5.491167
5.470798
5.613998
4.924665
5.176605
5.102454
5.012831
4.989803
5.388882
4.959101
4.394901
5.608843
4.925284
5.019663
5.273357
4.635018
5.250862
5.220704
5.451908
4.940956
4.901592
5.165663
5.027690
5.350859
5.473049
4.152267
5.638311
4.736274
5.590106
4.635837
4.323526
4.848523
4.871671
5.276189
5.220620
4.991091
5.423900
4.094910
3.355092
5.418027
5.806075
5.409720
6.341134
5.610442
5.122716
5.808722
4.789932
5.790572
6.104585
4.674876
4.300147
5.658797
5.189884
4.821001
6.364423
4.708969
5.730755
5.485232
4.591845
5.408022
5.198907
4.699558
5.006855
4.563498
5.100388
4.203126
4.306622
3.861087
4.924927
5.533522
3.977800
4.844577
5.703065
4.872599
4.970038
5.262470
3.774616
4.800072
5.535425
4.313615
4.912083
4.745564
4.840082
5.127411
5.101770
4.251747
5.142718
5.126090
4.542549
4.752273
5.124724
4.342412
3.753315
5.121413
4.517820
4.643606
4.502603
3.797016
4.931256
4.655995
4.899954
4.044374
4.496380
4.774292
4.443544
4.820178
4.814692
3.789400
5.287743
4.070134
5.146931
4.556180
3.857257
4.533052
4.368219
4.784094
4.696802
4.848354
5.033267
3.674917
2.820070
4.779268
5.445898
4.793255
6.041533
5.012143
4.740868
5.341548
4.058426
5.399302
5.620745
3.925955
3.875065
5.196297
4.845662
4.271550
6.000816
4.437432
5.445397
4.858934
4.108380
5.109978
4.733522
4.068673
4.481575
4.050665
4.517275
3.795839
3.694110
3.212836
4.455545
5.200797
3.122955
4.082966
5.147572
4.327315
4.504234
4.607336
3.251547
4.337059
5.080873
3.768280
4.337659
4.175641
4.044690
4.654432
4.573405
3.855407
4.654065
4.830412
3.971843
4.466054
4.864192
3.477623
3.306625
4.458458
3.750004
4.223258
3.678103
3.042047
4.591151
4.183734
4.320102
3.155932
3.902459
4.106168
3.670017
4.165363
3.957409
3.580076
5.039241
3.681727
4.921003
4.403847
3.436332
4.079250
3.960693
4.243333
4.262327
4.426379
4.473141
3.190755
2.681541
4.374827
4.895627
4.092567
5.528388
4.654896
4.345251
4.793777
3.265396
4.839965
5.227498
3.280065
3.612893
4.603211
4.332137
3.857939
5.539382
4.059140
4.808656
4.337890
3.631163
4.585061
4.199304
3.372027
3.950004
3.454949
4.064595
3.216165
3.116090
2.586015
3.837346
4.773921
2.435878
3.424502
4.597238
3.854379
4.079966
3.869630
2.913305
3.814938
4.686400
3.187568
3.791351
3.702069
3.618220
4.386426
4.084180
3.465901
4.182058
4.629990
3.545383
4.141347
4.553021
2.711895
2.753431
3.949492
3.274305
3.656395
3.074250
2.615006
4.122843
3.771749
3.756054
2.420770
3.322443
3.635552
3.009133
3.555216
3.230138
3.157735
4.757421
3.327114
4.597005
4.015223
3.046343
3.593299
3.656258
3.786770
3.781415
3.868978
4.042207
2.673747
2.578653
3.868881
4.299914
3.423882
5.034421
4.115060
3.889398
4.180422
2.550747
4.355579
4.983377
2.797682
3.076580
4.020624
3.743724
3.668667
4.962793
3.838722
4.072242
3.904923
3.112876
4.055772
3.578295
2.969708
3.568973
2.891139
3.641315
2.827943
2.598321
2.040743
3.134964
4.539876
2.058189
3.072465
4.091949
3.520345
3.821364
3.196437
2.535782
3.362572
4.490859
2.730348
3.189342
3.209690
3.343846
4.069985
3.572131
3.256642
3.821194
4.309396
2.996147
3.739521
4.064651
2.162333
2.102342
3.386477
2.900243
2.946906
2.724516
2.214214
3.640732
3.374568
3.439971
1.929373
2.802867
3.188416
2.507588
3.128042
2.696621
2.634701
4.409184
2.877757
4.143534
3.635921
2.795528
3.166367
3.265166
3.321430
3.116826
3.367761
3.693014
2.180421
2.263109
3.341599
3.858920
2.787197
4.193935
3.337798
3.349594
3.535203
1.975343
3.830686
4.915417
2.419630
2.603037
3.455452
3.235100
3.437795
4.232304
3.506164
3.460019
3.538496
2.700330
3.546655
2.922107
2.762296
3.324365
2.296988
3.192355
2.578137
1.930768
1.626275
2.417647
4.269701
1.694085
2.712123
3.737754
3.329836
3.492712
2.464308
2.028759
3.003399
4.252081
2.258668
2.733675
2.597974
2.984884
3.797554
3.004081
3.013460
3.378361
4.143283
2.538309
3.289621
3.609216
1.676469
1.562088
2.696732
2.690494
2.528438
2.518610
1.690972
3.142009
2.888120
2.988463
1.643815
2.313016
2.749620
2.193748
2.786366
2.232188
2.058460
4.011070
2.197038
3.642612
3.363368
2.629968
2.853243
2.805272
2.722024
2.628654
2.766022
3.239313
1.774414
1.841625
2.863515
3.325259
2.175936
3.538755
2.547531
2.806983
2.706285
1.507368
3.427193
4.731347
2.111717
2.205870
2.914909
2.896486
3.029509
3.822377
2.895312
3.027413
3.179358
2.385843
3.007874
2.377233
2.427352
3.029194
1.704488
2.717228
2.283736
1.363303
1.334680
1.797353
3.970615
1.368000
2.198672
3.440285
2.982115
2.912910
2.088869
1.594750
2.978603
3.801015
1.798883
2.442892
2.211752
2.420706
3.518953
2.392384
2.701454
2.874907
3.883796
2.095098
2.871897
3.227421
1.233372
1.289115
2.112595
2.490579
2.257229
2.310912
1.288982
2.619990
2.495697
2.748929
1.404638
1.816818
2.459012
1.877805
2.455574
1.960482
1.618732
3.588205
1.481738
2.982212
3.168402
2.442289
2.716784
2.485687
1.930982
2.194628
2.191515
2.559436
1.459245
1.520747
2.561840
2.830796
1.727073
2.973834
2.035755
2.316876
2.235392
1.276108
2.903575
4.129667
1.875222
1.902806
2.293334
2.645871
2.654150
3.487514
2.127070
2.769369
2.574502
2.076358
2.412430
1.961333
1.825319
2.782466
1.109765
2.174624
1.841460
1.068262
1.107281
1.433730
3.270102
1.096986
1.598987
2.936514
2.469830
2.299290
1.820142
0.976875
2.855934
3.280341
1.383829
2.220878
1.827719
1.835960
3.180926
1.788026
2.350119
2.372844
3.604183
1.886074
2.267652
2.774919
0.893017
1.111379
1.462271
2.119531
1.940836
1.960775
0.955171
2.055922
2.012106
2.353921
1.190217
1.273712
1.892160
1.577289
2.168361
1.537979
1.425361
3.382548
0.912243
2.275043
3.019672
2.181013
2.316843
2.070973
1.195345
1.939390
1.683394
1.917355
1.243860
0.814945
2.376263
2.355900
1.339368
2.572520
1.685534
1.893231
1.648859
1.103288
2.469714
3.659692
1.648884
1.594563
1.648423
2.265837
2.222595
3.134745
1.603706
2.441409
1.921511
1.426819
1.906862
1.640082
1.544739
2.443169
0.938132
1.823145
1.470513
0.891753
1.049444
1.131464
2.480650
0.908769
1.039173
2.156495
1.994940
1.628810
1.472292
0.844563
2.694471
2.702497
1.206966
2.104110
1.568318
1.242200
2.965230
1.366366
1.931904
1.839454
3.204703
1.589261
1.769477
2.480432
0.832542
1.049273
1.143650
1.699401
1.542058
1.478482
0.578317
1.593522
1.704466
2.271996
0.830662
0.781707
1.201446
1.106817
1.638508
1.018090
1.179267
3.142190
0.531652
1.790026
2.467758
1.690113
1.914648
1.993377
0.827867
2.181326
1.209655
1.370622
1.137119
0.641183
2.354777
2.020531
1.103693
1.935497
1.717153
1.798209
1.329983
0.739671
2.215472
2.874732
1.347938
1.272575
1.355640
1.779951
1.928558
2.745979
1.374351
1.835300
1.193889
0.977554
1.509973
1.165563
1.209977
2.049762
0.577326
1.141109
1.007811
0.538625
0.751909
0.967411
1.869567
0.825155
0.629898
1.645918
1.524084
1.090920
1.194222
0.682403
2.627304
2.364677
0.970940
1.558268
1.567257
0.955142
2.372141
0.907410
1.128457
1.444337
2.995273
1.181451
1.517851
2.076519
0.752391
0.776092
0.721739
1.423988
1.361380
0.604439
0.562471
1.107961
1.507984
1.975174
0.760244
0.321710
1.169499
0.988972
1.295002
1.069273
1.046788
2.926377
0.294856
1.450487
2.005228
1.029718
1.481046
1.515349
0.831404
1.853467
0.880303
1.098443
1.003523
0.570497
1.892900
1.957232
0.893756
1.332964
0.933682
1.354684
1.047855
0.506001
1.527589
2.352342
1.400518
0.706368
0.941415
1.440832
1.366972
2.140109
1.290145
1.065494
0.458876
1.626074
1.327377
0.847133
0.904254
1.944475
0.443983
1.018947
0.951470
0.424065
0.755002
0.605967
1.456364
0.717767
0.421410
1.031781
1.149940
0.732667
0.855221
1.152692
2.029601
2.121339
0.377864
1.276865
0.838097
0.866827
1.991112
0.629507
0.912324
1.026531
2.634498
0.813902
1.063137
1.086687
0.314220
0.433893
0.473164
1.143939
1.118028
0.493797
0.415221
0.678789
0.906807
1.432067
0.574641
0.224669
0.668633
0.362781
1.201079
1.084495
1.139270
2.365947
0.794040
1.284353
1.762415
0.809933
1.149381
1.373650
0.284593
1.296715
0.910979
1.269827
0.668127
0.383824
2.070302
1.787479
0.397505
1.279228
1.632039
1.337481
0.743311
0.379434
0.913357
1.428291
1.482449
0.911527
0.671968
1.269014
0.939474
1.489951
0.672544
0.635691
0.228289
0.528784
1.141005
0.651686
0.704316
1.368564
0.539206
0.456619
0.358515
0.384752
0.455959
0.661149
1.139729
0.585181
0.407553
0.762981
0.876277
0.269426
0.695502
0.143091
1.655017
1.739948
0.892030
0.896884
0.619103
0.685205
1.548389
0.306124
0.764344
0.822772
1.590507
1.242081
0.444603
0.949256
0.429518
0.655280
1.023401
0.844852
1.002463
0.424854
0.209679
0.615547
0.878464
0.754811
0.285145
0.344115
0.645720
0.596792
1.197641
0.533635
0.448729
1.649742
0.439398
0.733744
0.878691
0.895797
0.351332
1.328615
0.337872
1.231839
0.683138
0.508161
1.133370
0.112442
1.631263
1.660907
0.288366
0.758695
0.219272
0.660250
0.738021
0.392393
0.722722
0.777707
0.892470
0.605799
1.156857
0.412351
0.466474
1.018648
0.296063
0.740507
0.272535
0.426266
1.530723
0.811585
0.667479
0.986456
0.566332
0.698410
0.160858
0.633845
0.527277
0.273646
1.210355
0.725038
0.763715
0.305538
0.451354
0.970006
0.334148
0.938631
1.099864
1.121823
0.318451
0.321674
0.824715
0.183755
1.072850
0.896798
0.589423
0.663752
1.577716
0.601710
0.807150
0.481898
0.676031
0.906872
0.365010
0.974759
0.622602
0.542425
0.226145
0.377580
1.882889
0.401472
0.309637
0.486125
0.473871
0.883077
0.805544
0.356915
0.651548
1.559606
0.375924
0.453004
0.955723
0.283335
1.323646
0.641039
0.664399
0.511918
0.935212
0.567152
0.626601
0.284169
0.751757
0.745109
0.352277
0.615009
1.496155
0.653484
0.701998
0.179472
0.564413
0.801122
0.751199
0.401494
0.476684
0.653506
0.664287
1.051328
0.341679
0.083314
0.096358
0.476129
0.980899
0.125192
0.455769
0.883756
0.588878
0.258923
0.624671
0.211460
0.365187
0.366923
1.210712
0.867712
0.459081
0.404018
0.363309
0.439959
0.324637
0.080574
0.893101
0.409217
0.742417
0.420486
0.168411
0.212054
0.503739
0.200571
0.973518
0.271053
1.184928
0.671314
0.191996
0.644899
0.695498
0.199390
0.374635
0.705771
0.298287
0.174192
0.133425
0.779064
0.944400
0.426596
0.241158
0.129690
0.687324
0.207939
1.100814
0.289540
0.541702
0.850386
0.614035
0.273554
0.427266
0.374420
0.766913
0.708697
0.260266
0.228164
0.794457
0.391434
0.225794
0.406953
0.576748
0.735103
0.091847
1.331231
0.560414
0.285419
0.352701
0.155740
0.437628
0.159092
0.511533
0.496421
0.587912
0.628592
0.907293
0.670090
0.443253
0.677409
0.089777
0.075508
0.682709
0.327383
0.246406
0.595779
0.252177
0.654468
1.010555
0.235881
0.094191
0.111218
0.798521
0.267342
0.144099
0.260668
0.180020
0.741197
0.173991
0.102185
0.286496
0.264197
0.525764
0.063211
0.223937
0.374850
0.325012
0.548291
0.259327
0.276728
0.671071
0.066179
0.858266
0.420946
0.316090
0.111753
0.258650
0.325367
0.396741
0.281930
0.257310
0.506549
1.036298
0.398926
0.151037
0.102966
0.162841
0.243608
0.541103
1.301338
0.213880
0.549222
0.250094
0.840890
0.260021
0.288426
0.338374
0.237128
0.504248
0.149431
0.239274
0.736012
0.286726
0.573146
0.428912
0.203924
0.564337
0.054516
1.100784
0.336450
0.896409
0.748468
0.354618
0.758929
0.726210
0.408696
0.921496
0.488239
0.252341
0.987399
0.296333
0.232048
0.215256
0.028005
0.510539
0.087157
0.202089
0.506872
0.063025
0.160433
0.066209
0.073892
0.225139
0.051673
0.641858
0.466972
0.336635
0.149396
0.626818
0.083861
0.119105
0.258805
0.301522
0.210385
0.307179
0.063250
0.738657
0.086768
0.514203
0.347820
0.325713
0.124143
0.584699
0.323057
0.423440
0.139024
0.196480
0.143009
0.130333
0.338116
0.058727
0.304717
0.751662
0.407580
0.410806
0.508877
0.069644
0.545456
0.190300
0.241920
0.404933
0.208276
0.098872
0.572127
0.029802
0.111119
0.362512
0.348726
0.224364
0.251720
0.409552
0.956417
0.296598
0.272674
0.063935
0.319932
0.228102
0.854532
0.242653
0.129770
0.238885
0.247941
0.534049
0.757192
0.105876
0.853981
0.207890
0.044183
0.665330
0.066288
0.245341
0.784701
0.100266
0.063452
0.040847
0.053464
0.060191
0.505911
0.749248
0.508670
0.333345
0.199254
0.020107
0.365253
0.112064
0.172729
0.457745
0.554107
0.044524
0.218524
0.118438
0.054806
0.120445
0.102525
0.037702
0.333763
0.129335
0.376377
0.437205
0.022555
0.328394
0.284136
0.129420
0.412505
0.414795
0.169854
0.091181
0.143059
0.150770
0.028522
0.180303
0.162232
0.808290
0.354219
0.054792
0.434298
0.172698
0.180339
0.108206
0.078538
0.066201
0.253478
0.063007
0.272303
0.063757
0.660485
0.089720
0.496033
0.273530
0.690774
0.381169
0.408168
0.168833
0.271051
0.625934
0.061285
0.517931
0.076103
0.287636
0.271793
0.284522
0.613834
0.512369
0.037126
0.195154
0.136183
0.202005
0.385440
0.215864
0.523293
0.183768
0.109786
0.311442
0.172845
0.171643
0.159193
0.060267
0.201139
0.134124
0.175664
0.196211
0.046437
0.215672
0.113470
0.035519
0.205393
0.236505
0.328696
0.056867
0.046374
0.243358
0.048453
0.381427
0.342782
0.167503
0.090705
0.607259
0.039066
0.018505
0.110550
0.136369
0.339818
0.396306
0.217822
0.006655
0.198653
0.852015
0.140182
0.260720
0.193135
0.365724
0.220723
0.214184
0.205241
0.662039
0.301067
0.022796
0.008295
0.256933
0.059471
0.312985
0.208331
0.413970
0.165363
0.280958
0.027333
0.409038
0.065907
0.033666
0.272864
0.027121
0.231728
0.461876
0.134333
0.172617
0.122689
0.118686
0.019636
0.117912
0.085373
0.262027
0.088577
0.251583
0.116666
0.323977
0.028906
0.087978
0.135001
0.508573
0.580805
0.172757
0.395888
0.619799
0.313494
0.800052
0.177363
0.240746
0.084732
0.090776
0.364944
0.085032
0.365360
0.197071
0.431196
0.075685
0.065609
0.007699
0.013060
0.010959
0.210074
0.390642
0.046876
0.007081
0.097252
0.047117
0.107196
0.063684
0.196604
0.208585
0.175935
0.337310
0.070214
0.333801
0.113445
0.043579
0.210054
0.057633
0.106376
0.243261
0.725019
0.294826
0.069219
0.249469
0.351806
0.187475
0.637862
0.502923
0.163947
0.071861
0.012552
0.181299
0.366730
0.053667
0.163759
0.084207
0.335736
0.211715
0.106318
0.023128
0.104436
0.267515
0.355806
0.107337
0.101404
0.101715
0.114257
0.054850
0.241657
0.499209
0.521743
0.109427
0.046194
0.111172
0.087891
0.521978
0.174040
0.013563
0.085018
0.099846
0.156090
0.303512
0.501930
0.218562
0.003200
0.234932
0.085681
0.116303
0.128966
0.153034
0.167542
0.028933
0.068603
0.055712
0.079871
0.004869
0.025385
0.494865
0.046134
0.235254
0.060632
0.021200
0.077465
0.127024
0.027740
0.029399
0.025462
0.089822
0.446748
0.009338
0.040945
0.067392
0.243454
0.482019
0.668302
0.181267
0.078764
0.042315
0.110769
0.119416
0.132868
0.110014
0.379109
0.260065
0.149971
0.205484
0.010853
0.203084
0.036500
0.243456
0.100439
0.017876
0.044042
0.048878
0.044395
0.012156
0.148857
0.163646
0.001485
0.144433
0.008711
0.041286
0.124714
0.212663
0.071326
0.288977
0.092627
0.005501
0.331443
0.049931
0.083368
0.083977
0.175273
0.005505
0.168155
0.040330
0.212283
0.184750
0.245970
0.098024
0.085702
0.150169
0.005519
0.004213
0.059173
0.122111
0.017851
0.355106
0.122950
0.029973
0.769168
0.193128
0.207886
0.045911
0.138985
0.208752
0.004147
0.160858
0.312988
0.026155
0.026030
0.133019
0.040015
0.023474
0.006306
0.250596
0.143647
0.090158
0.103830
0.208630
0.433442
0.061341
0.205757
0.036930
0.047504
0.090997
0.012621
0.044805
0.066128
0.360406
0.084383
0.258171
0.082212
0.247336
0.020432
0.021518
0.373140
0.121334
0.094992
0.088948
0.220733
0.028273
0.136569
0.017805
0.463813
0.288134
0.313538
0.169775
0.009801
0.108322
0.023274
0.089705
0.279857
0.168064
0.079148
0.336665
0.557961
0.032095
0.158546
0.393913
0.255552
0.073980
0.017882
0.117124
0.217064
0.121131
0.001432
0.434341
0.389862
0.009214
0.131634
0.018350
0.138762
0.064452
0.014945
0.006923
0.051439
0.057410
0.059036
0.108115
0.126540
0.205951
0.186053
0.162392
0.252203
0.035352
0.089158
0.018114
0.006943
0.024220
0.655773
0.002574
0.005125
0.006207
0.237152
0.018228
0.002998
0.015996
0.015882
0.007287
0.123733
0.131075
0.038086
0.057211
0.137333
0.054112
0.256025
0.033539
0.342168
0.011394
0.037225
0.049697
0.286974
0.167877
0.057148
0.174588
0.434700
0.186438
0.127887
0.008743
0.273463
0.244373
0.193283
0.042123
0.274466
0.015014
0.134595
0.084399
0.019002
0.023104
0.042236
0.033951
0.005315
0.364233
0.005460
0.078419
0.420411
0.043020
0.015265
0.220695
0.179189
0.735937
0.017800
0.084728
0.066989
0.271704
0.077882
0.006187
0.006916
0.035528
0.097183
0.431636
0.151159
0.340058
0.037417
0.049908
0.056875
0.228934
0.379286
0.012105
0.011749
0.508987
0.130251
0.223512
0.215968
0.059230
0.056830
0.048631
0.007621
0.114008
0.134215
0.019485
0.002387
0.132174
0.040220
0.076920
0.002510
0.021866
0.015914
0.243884
0.208683
0.091479
0.022329
0.076071
0.060306
0.011355
0.108411
0.032645
0.322118
0.002113
0.200970
0.006867
0.005488
0.013860
0.005221
0.029286
0.061960
0.106449
0.098053
0.006867
0.007773
0.009164
0.028666
0.135485
0.014673
0.118590
0.024050
0.023328
0.072787
0.243984
0.036646
0.007933
0.051623
0.018804
0.001330
0.182006
0.310053
0.012919
0.154953
0.020255
0.107038
0.067055
0.014197
0.039926
0.153004
0.114656
0.562654
0.118401
0.358870
0.053678
0.015933
0.065478
0.008295
0.025839
0.169976
0.315596
0.043277
0.393930
0.068894
0.058730
0.009489
0.234636
0.046139
0.243956
0.091953
0.010280
0.051639
0.234253
0.007203
0.016545
0.022071
0.166592
0.016504
0.114803
0.123133
0.002590
0.007560
0.369965
0.024230
0.008482
0.012076
0.012443
0.148109
0.144111
0.033719
0.020653
0.027327
0.101982
0.004567
0.017426
0.062068
0.469386
0.325845
0.012216
0.019146
0.006471
0.011373
0.021808
0.056137
0.007885
0.271144
0.218570
0.024072
0.014261
0.030818
0.002881
0.009368
0.022769
0.007277
0.022779
0.001022
0.058436
0.074143
0.003488
0.082234
0.051493
0.024823
0.062643
0.004325
0.047636
0.015348
0.062034
0.165747
0.014034
0.041328
0.128269
0.020900
0.023721
0.009977
0.705626
0.059343
0.028365
0.008545
0.056396
0.033788
0.016127
0.003860
0.042081
0.002963
0.028398
0.024791
0.005943
0.033161
0.013020
0.106217
0.014043
0.309959
0.005113
0.049173
0.048868
0.011872
0.023172
0.147455
0.059651
0.036464
0.009310
0.032638
0.007507
0.155682
0.007765
0.042842
0.046455
0.060566
0.037979
0.241729
0.022946
0.172282
0.074723
0.037612
0.050952
0.075045
0.015866
0.008727
0.000679
0.017772
0.005372
0.535045
0.021050
0.092523
0.092438
0.041898
0.780109
0.001951
0.137148
0.032538
0.121567
0.002274
0.014734
0.131826
0.036520
0.126072
0.094709
0.014801
0.024128
0.151195
0.005903
0.013893
0.334014
0.050301
0.024896
0.529250
0.075564
1.141004
0.078977
0.117425
0.024700
0.261413
0.032209
0.015105
0.019996
0.000722
0.147020
0.017284
0.113186
0.164598
0.013082
0.038747
0.034309
0.178010
0.137491
0.019831
0.053952
0.238711
0.018579
0.004318
0.008417
0.004475
0.129572
0.037233
0.103989
0.000555
0.011635
0.102428
0.017468
0.218459
0.067290
0.003029
0.073040
0.015445
0.017071
0.034344
0.103921
0.000542
0.007607
0.002929
0.586909
0.018757
0.168533
0.098380
0.017997
0.043627
0.089946
0.411861
0.036297
0.018339
0.103456
0.288651
0.026907
0.254453
0.005450
0.066001
0.031394
0.162385
0.005176
0.002296
0.000773
0.011363
0.029474
0.004390
0.012332
0.006527
0.000840
0.067818
0.021736
0.006666
0.003424
0.000718
0.046508
0.105671
0.071141
0.003686
0.032615
0.006030
0.007532
0.031191
0.000215
0.049013
0.126501
0.223692
0.007764
0.076979
0.001648
0.029444
0.015273
0.052042
0.506128
0.041790
0.015077
0.100351
0.021921
0.172665
0.031080
0.001742
0.045775
0.005199
0.054666
0.212301
0.074981
0.026649
0.028269
0.091612
0.102028
0.029529
0.500110
0.064364
0.005593
0.193575
0.015524
0.075151
0.053977
0.224732
0.004961
0.010281
0.000282
0.071380
0.006605
0.003082
0.004866
0.021311
0.419001
0.009874
0.001297
0.018563
0.051869
0.118274
0.045193
0.019492
0.001003
0.118809
0.036242
0.009919
0.022429
0.002095
0.004480
0.138611
0.011052
0.018646
0.048856
0.013715
0.221369
0.003652
0.035698
0.183981
0.001433
0.368445
0.019203
0.056178
0.018089
0.002565
0.029262
0.123884
0.006337
0.002107
0.179624
0.007122
0.037309
0.012055
0.006494
0.005827
0.013168
0.001763
0.003776
0.016827
0.005289
0.025007
0.070954
0.599602
0.206490
0.058639
0.096745
0.179045
0.005738
0.031944
0.004230
0.085397
0.011717
0.021402
0.059642
0.220487
0.008194
0.053403
0.026557
0.067017
0.068455
0.012813
0.007416
0.568885
0.112699
0.003804
0.086128
0.014164
0.001500
0.005830
0.011606
0.011242
0.311610
0.064232
0.003460
0.005563
0.003103
0.044864
0.006284
0.005965
0.020604
0.025236
0.013999
0.026457
0.010216
0.006100
0.001469
0.060363
0.005802
0.024755
0.019938
0.002920
0.146656
0.010580
0.016236
0.000213
0.055303
0.002280
0.003954
0.015979
0.002188
0.004181
0.005901
0.031931
0.015512
0.006893
0.378922
0.011032
0.042363
0.109553
0.023194
0.028385
0.007961
0.011294
0.006402
0.018371
0.034761
0.089991
0.033802
0.006741
0.555899
0.029423
0.044234
0.007183
0.048624
0.001264
0.000720
0.049741
0.010737
0.023469
0.049265
0.003758
0.114531
0.149814
0.149353
0.041172
0.130169
0.017105
0.019520
0.017332
0.115016
0.067643
0.095470
0.127138
0.049300
0.001794
0.041526
0.008310
0.007328
0.003594
0.005786
0.003803
0.005699
0.005517
0.000205
0.000239
0.013552
0.000128
0.056772
0.007267
0.087738
0.158703
0.035921
0.003298
0.119937
0.124957
0.072473
0.289741
0.126372
0.015862
0.028443
0.013362
0.289185
0.011219
0.006318
0.010658
0.001021
0.062249
0.011804
0.013713
0.015126
0.010881
0.003686
0.025539
0.114476
0.021355
0.003563
0.019889
0.083668
0.003615
0.010352
0.003249
0.010632
0.017583
0.000645
0.195547
0.011561
0.032598
0.002282
0.047758
0.080871
0.002298
0.048367
0.000183
0.059589
0.082561
0.043702
0.019500
0.003347
0.000447
0.004580
0.268364
0.005041
0.152426
0.000275
0.043785
0.166884
0.010311
0.136876
0.075231
0.022183
0.007409
0.149790
0.006455
0.001529
0.084865
0.008345
0.072813
0.074474
0.001556
0.001667
0.010905
0.067254
0.002442
0.049977
0.242632
0.001633
0.007810
0.023432
0.008212
0.016417
0.057546
0.033401
0.001577
0.019828
0.035101
0.003935
0.007287
0.000952
0.057418
0.000217
0.010716
0.179675
0.002007
0.012501
0.047157
0.124621
0.024709
0.103307
0.008047
0.096844
0.162342
0.135121
0.024791
0.018432
0.024924
0.002124
0.016693
0.000349
0.024741
0.190273
0.615206
0.004790
0.121623
0.007634
0.000043
0.009240
0.001107
0.200524
0.050664
0.006443
0.001693
0.319297
0.214638
0.040119
0.030451
0.023783
0.004195
0.279945
0.055219
0.005869
0.000926
0.002331
0.032492
0.000660
0.013761
0.011410
0.003532
0.001414
0.007351
0.004559
0.001635
0.019241
0.010247
0.039483
0.013757
0.131569
0.210633
0.007518
0.016386
0.002637
0.003425
0.034899
0.071719
0.000654
0.051100
0.030149
0.040168
0.001189
0.297025
0.003502
0.002698
0.007341
0.018206
0.011822
0.001219
0.005666
0.042723
0.056763
0.000936
0.006847
0.002062
0.001464
0.012486
0.095829
0.113065
0.099497
0.075839
0.007107
0.035497
0.005230
0.006881
0.010478
0.109177
0.001256
0.047653
0.002426
0.003540
0.000389
0.001327
0.035431
0.071871
0.055820
0.014593
0.001118
0.095235
0.141931
0.000112
0.537942
0.002970
0.012374
0.020471
0.047622
0.015990
0.021047
0.579411
0.028464
0.082234
0.003605
0.000364
0.000356
0.007109
0.263336
0.000037
0.036013
0.001385
0.143179
0.000644
0.000542
0.000203
0.033474
0.003044
0.033313
0.022447
0.001695
0.003689
0.007502
0.003358
0.000166
0.002481
0.261222
0.075984
0.001638
0.022680
0.006566
0.010530
0.024801
0.001958
0.000162
0.006219
0.057841
0.004606
0.000812
0.002859
0.036753
0.048480
0.003435
0.020924
0.079178
0.005755
0.001769
0.002927
0.213648
0.002677
0.120793
0.003215
0.008510
0.180142
0.011447
0.002115
0.207479
0.105757
0.012702
0.001698
0.001319
0.001036
0.152599
0.017116
0.102106
0.006844
0.136669
0.004581
0.004035
0.289003
0.087455
0.004811
0.030828
0.032258
0.000184
0.000190
0.002675
0.002578
0.031041
0.006558
0.060094
0.010491
0.105736
0.061231
0.037426
0.004442
0.013788
0.000446
0.060512
0.003144
0.000699
0.000363
0.007080
0.151737
0.172713
0.063377
0.006928
0.001377
0.010296
0.028546
0.003400
0.107147
0.001964
0.001789
0.007205
0.001955
0.014726
0.048143
0.044270
0.002923
0.000444
0.027771
0.002251
0.023573
0.010261
0.001506
0.004905
0.024034
0.006700
0.009410
0.092536
0.001639
0.007112
0.003564
0.001154
0.018303
0.034228
0.049185
0.013090
0.008165
0.001988
0.009042
0.002654
0.000630
0.005067
0.027310
0.083701
0.005125
0.155133
0.243640
0.005322
0.005626
0.005219
0.006159
0.017733
0.041401
0.000735
0.046016
0.002227
0.021970
0.003540
0.090646
0.023599
0.008302
0.259914
0.000082
0.013281
0.002672
0.025798
0.027868
0.000244
0.380244
0.007254
0.264160
0.007974
0.005814
0.001065
0.098161
0.125340
0.002101
0.073953
0.003773
0.019437
0.000094
0.005463
0.001815
0.003293
0.000970
0.022790
0.003158
0.001940
0.000312
0.005833
0.001940
0.013995
0.208475
0.028826
0.004585
0.000981
0.003980
0.002991
0.099889
0.013692
0.000266
0.019004
0.023348
0.003101
0.008033
0.001398
0.075582
0.009196
0.006813
0.000621
0.004570
0.016930
0.003139
0.006704
0.000319
0.023054
0.013635
0.055639
0.100405
0.076443
0.269634
0.012574
0.032747
0.020254
0.000055
0.175525
0.040287
0.001060
0.004824
0.002137
0.002974
0.103035
0.005361
0.008741
0.000441
0.000082
0.004295
0.003873
0.007089
0.016156
0.002370
0.002642
0.000670
0.000791
0.000376
0.000560
0.022478
0.011112
0.001613
0.000746
0.041023
0.128143
0.028195
0.003819
0.013883
0.089957
0.014078
0.002883
0.148097
0.002786
0.002308
0.012223
0.006218
0.023789
0.032303
0.303177
0.004064
0.039165
0.001864
0.005993
0.005414
0.142228
0.007235
0.064676
0.014438
0.002266
0.016129
0.000716
0.046604
0.043254
0.000456
0.003337
0.001009
0.006424
0.004364
0.001629
0.005261
0.001328
0.014529
0.007849
0.078351
0.000232
0.013572
0.005518
0.002250
0.005175
0.003615
0.001041
0.006515
0.000878
0.019951
0.000943
0.322281
0.023894
0.269286
0.007006
0.004922
0.012584
0.002302
0.024644
0.019499
0.077133
0.004379
0.008207
0.004893
0.000324
0.002784
0.001356
0.020945
0.040099
0.001301
0.034654
0.057936
0.001815
0.006192
0.000091
0.000101
0.016017
0.006757
0.001316
0.015553
0.002850
0.239419
0.205717
0.005545
0.046165
0.002585
0.129062
0.421801
0.005273
0.012613
0.023772
0.005278
0.086385
0.000629
0.066014
0.000450
0.001302
0.072901
0.000886
0.000460
0.032740
0.001064
0.002093
0.011325
0.000835
0.004887
0.011582
0.014451
0.000148
0.000174
0.018344
0.004072
0.003735
0.001148
0.062797
0.006377
0.002396
0.000738
0.011917
0.014057
0.000715
0.001010
0.003660
0.078175
0.002044
0.004423
0.103411
0.000672
0.094569
0.133943
0.040381
0.116936
0.001614
0.001337
0.419758
0.015802
0.000516
0.008159
0.002424
0.002973
0.002448
0.066826
0.021637
0.003871
0.003354
0.001841
0.002722
0.005521
0.000425
0.001679
0.054944
0.000577
0.023994
0.001486
0.036368
0.003097
0.016952
0.000753
0.007964
0.000443
0.050219
0.002420
0.002581
0.035946
0.000421
0.043283
0.003179
0.109152
0.000531
0.000203
0.015378
0.185095
0.003828
0.000623
0.000390
0.000226
0.000372
0.063207
0.002757
0.000238
0.005780
0.017844
0.001592
0.002156
0.002546
0.044393
0.000172
0.000193
0.007086
0.025812
0.007069
0.002493
0.005477
0.009949
0.001540
0.013419
0.002061
0.000312
0.011654
0.000228
0.020793
0.001441
0.000548
0.015188
0.002272
0.000267
0.013068
0.040691
0.003466
0.001155
0.001234
0.003512
0.006435
0.001000
0.078758
0.065268
0.002314
0.006914
0.011429
0.000223
0.306504
0.009893
0.014878
0.009657
0.077425
0.034732
0.212094
0.002229
0.003823
0.016598
0.003731
0.000971
0.003979
0.026243
0.000629
0.024938
0.004157
0.000351
0.004379
0.083968
0.004561
0.046585
0.000166
0.000439
0.001280
0.392638
0.000012
0.000210
0.005091
0.284918
0.000633
0.007314
0.016115
0.005019
0.000105
0.020255
0.000405
0.000035
0.001386
0.004023
0.002453
0.007451
0.538683
0.000097
0.006001
0.000450
0.006472
0.003829
0.001300
0.009949
0.031671
0.003548
0.000350
0.010557
0.004084
0.002747
0.007032
0.000407
0.039125
0.000407
0.004300
0.005398
0.000082
0.000710
0.090351
0.266708
0.058210
0.016009
0.041820
0.006130
0.004313
0.000397
0.003062
0.008680
0.000874
0.000482
0.004818
0.005415
0.000485
0.000154
0.001810
0.000036
0.128097
0.009142
0.003326
0.047973
0.075361
0.009487
0.221797
0.308524
0.001520
0.029338
0.029369
0.019398
0.000014
0.002499
0.000717
0.013779
0.004799
0.002321
0.007131
0.000062
0.000488
0.001265
0.000879
0.002791
0.001413
0.000821
0.002542
0.002470
0.118022
0.003129
0.588419
0.038619
0.335090
0.343816
0.002940
0.001176
0.002708
0.000170
0.003436
0.018216
0.000590
0.030626
0.001435
0.000891
0.217786
0.002782
0.003217
0.052876
0.003301
0.009385
0.007882
0.000661
0.004813
0.040745
0.002205
0.002193
0.035919
0.040487
0.002342
0.089734
0.014764
0.002799
0.000289
0.000207
0.000142
0.006146
0.112778
0.020769
0.008356
0.001233
0.001098
0.000366
0.025253
0.018461
0.010581
0.000744
0.000096
0.000864
0.002077
0.002671
0.060850
0.003560
0.000015
0.000651
0.000669
0.003030
0.000631
0.007518
0.003300
0.010720
0.048218
0.006092
0.359839
0.005888
0.232439
0.043113
0.000216
0.007642
0.006091
0.002233
0.003043
0.000471
0.006937
0.169991
0.000815
0.005825
0.227048
0.011649
0.000084
0.004361
0.001207
0.039248
0.000349
0.059988
0.000206
0.005844
0.000056
0.004718
0.031367
0.000032
0.001231
0.002701
0.010317
0.001730
0.004695
0.000752
0.007009
0.005149
0.001318
0.004264
0.000489
0.016954
0.001317
0.208523
0.002354
0.000553
0.041950
0.004502
0.003835
0.000424
0.002945
0.009764
0.000855
0.001232
0.001266
0.000059
0.004263
0.004434
0.000315
0.000467
0.004254
0.002035
0.010382
0.000275
0.001651
0.004855
0.474865
0.002856
0.000404
0.090851
0.001980
0.001766
0.002842
0.000666
0.000006
0.041955
0.000250
0.000447
0.000752
0.000528
0.000821
0.000468
0.000427
0.000424
0.000397
0.006670
0.013121
0.003496
0.087383
0.061133
0.075455
0.003101
0.075897
0.000612
0.001447
0.000052
0.003258
0.001052
0.144781
0.002857
0.016910
0.033659
0.002435
0.001207
0.083334
0.000590
0.003957
0.001857
0.103476
0.003234
0.001757
0.000036
0.000175
0.003728
0.002262
0.020011
0.004798
0.016247
0.000097
0.012619
0.061561
0.000631
0.001714
0.000685
0.097927
0.001110
0.011605
0.003988
0.013790
0.020402
0.001033
0.000589
0.003690
0.002083
0.003404
0.001985
0.011053
0.000638
0.003831
0.000763
0.000289
0.002169
0.000732
0.015474
0.104311
0.001317
0.001363
0.002737
0.051742
0.001073
0.001924
0.001606
0.000363
0.008718
0.091047
0.015494
0.000060
0.129688
0.001823
0.009480
0.187374
0.020789
0.001125
0.001506
0.000658
0.002187
0.011850
0.006192
0.000065
0.000358
0.000212
0.031768
0.007007
0.000664
0.000277
0.005063
0.001773
0.001414
0.001006
0.146910
0.012379
0.000838
0.000393
0.002248
0.001848
0.006318
0.023036
0.142054
0.001235
0.789844
0.000381
0.123484
0.000281
0.000337
0.079711
0.002561
0.000687
0.003716
0.000230
0.001949
0.005422
0.011257
0.273039
0.001336
0.018046
0.049324
0.001293
0.004375
0.032116
0.020758
0.003396
0.010165
0.001554
0.000197
0.041017
0.000930
0.011411
0.001642
0.015016
0.000591
0.000618
0.050989
0.000372
0.147303
0.001572
0.005645
0.000288
0.000574
0.000640
0.002585
0.000600
0.002872
0.000316
0.013602
0.000189
0.006404
0.017842
0.017200
0.000097
0.014798
0.002164
0.008726
0.037401
0.021753
0.008770
0.000402
0.005903
0.001058
0.000568
0.002419
0.000676
0.015188
0.000442
0.021797
0.277536
0.315542
0.000081
0.003240
0.000348
0.000280
0.070548
0.064023
0.000342
0.007188
0.000761
0.006083
0.000749
0.004607
0.000732
0.016734
0.019380
0.007145
0.007479
0.026484
0.001512
0.000052
0.254962
0.002471
0.001438
0.036374
0.003136
0.002139
0.000911
0.001040
0.001073
0.169089
0.041854
0.000121
0.002236
0.002963
0.000405
0.000547
0.006825
0.004144
0.000354
0.000445
0.016400
0.003647
0.009292
0.000946
0.002349
0.000680
0.002111
0.002116
0.000461
0.000927
0.005563
0.005226
0.018265
0.000288
0.004835
0.026810
0.117455
0.000084
0.000127
0.104939
0.031842
0.000622
0.008819
0.173988
0.000005
0.000938
0.038172
0.006498
0.001652
0.006485
0.004791
0.001762
0.003806
0.003787
0.000551
0.000471
0.000119
0.002170
0.000657
0.000050
0.000397
0.000653
0.009856
0.005695
0.015510
0.001063
0.000595
0.000170
0.030490
0.000852
0.005531
0.000083
0.002379
0.003613
0.000476
0.008601
0.010077
0.008362
0.000554
0.000639
0.002474
0.002885
0.372669
0.019860
0.009880
0.005264
0.001608
0.000201
0.001250
0.003032
0.000622
0.000356
0.000219
0.001930
0.006925
0.002983
0.017593
0.000275
0.000221
0.017370
0.000727
0.001429
0.006162
0.000257
0.016604
0.007061
0.003069
0.001532
0.000423
0.003548
0.000282
0.000596
0.000426
0.000214
0.018458
0.003185
0.011334
0.001839
0.000034
0.000280
0.000049
0.000152
0.020938
0.073816
0.000510
0.027664
0.001367
0.001819
0.003247
0.061154
0.000611
0.003227
0.002803
0.008327
0.005333
0.022809
0.000834
0.016135
0.000232
0.036256
0.000286
0.000465
0.001507
0.003435
0.000207
0.005932
0.000780
0.000107
0.000861
0.000008
0.000293
0.001105
0.002801
0.002033
0.008264
0.000073
0.001428
0.031336
0.000055
0.000133
0.030821
0.003023
0.272103
0.000033
0.003806
0.002209
0.000126
0.012882
0.004839
0.006205
0.000120
0.008977
0.003038
0.000607
0.001782
0.002185
0.015165
0.012167
0.005302
0.000122
0.336493
0.186121
0.071919
0.000506
0.014857
0.003916
0.000223
0.000691
0.013726
0.000775
0.033712
0.005307
0.001401
0.000364
0.002620
0.029852
0.000500
0.000122
0.000394
0.050832
0.000154
0.001067
0.003224
0.002941
0.000118
0.003819
0.003406
0.000075
0.000025
0.001137
0.034281
0.098221
0.000421
0.010989
0.007054
0.007207
0.003670
0.000380
0.000370
0.000371
0.003194
0.008655
0.001156
0.003063
0.002659
0.069213
0.000293
0.004599
0.005539
0.000887
0.159872
0.007657
0.016322
0.008748
0.012695
0.000462
0.030368
0.001519
0.033139
0.001182
0.000288
0.002724
0.000072
0.000248
0.013433
0.000076
0.024356
0.063054
0.000592
0.001815
0.001376
0.000602
0.005697
0.000281
0.000214
0.004147
0.037545
0.000133
0.001431
0.010045
0.000719
0.000636
0.000307
0.048580
0.016172
0.002389
0.046376
0.000581
0.000286
0.000660
0.003999
0.001110
0.000066
0.003378
0.000210
0.046718
0.006156
0.003921
0.002583
0.002321
0.023518
0.007728
0.204773
0.001189
0.013399
0.019365
0.000213
0.002817
0.003871
0.000290
0.000105
0.052879
0.001675
0.003702
0.011940
0.142482
0.002052
0.000974
0.000161
0.001491
0.001460
0.226539
0.000068
0.000870
0.000122
0.000939
0.018821
0.000195
0.000042
0.000162
0.028382
0.000129
0.001537
0.000057
0.000046
0.070125
0.001642
0.001563
0.000499
0.000694
0.000207
0.000685
0.001049
0.000008
0.019333
0.000830
0.000751
0.000408
0.011692
0.000235
0.000111
0.001990
0.001049
0.003585
0.431256
0.001174
0.000620
0.330026
0.001357
0.045592
0.071911
0.003199
0.027746
0.053923
0.001701
0.000569
0.000356
0.000416
0.006455
0.018803
0.003741
0.003708
0.004176
0.003951
0.000074
0.001261
0.000105
0.000134
0.002392
0.000559
0.036467
0.003178
0.007331
0.001865
0.001306
0.000365
0.000492
0.010479
0.122731
0.000181
0.060070
0.000415
0.000020
0.001452
0.000596
0.012888
0.003720
0.002213
0.000208
0.002231
0.000419
0.013924
0.003983
0.005294
0.309294
0.001436
0.001042
0.022068
0.033076
0.000007
0.000229
0.000206
0.023340
0.003261
0.088420
0.233337
0.001655
0.000679
0.002017
0.000695
0.000532
0.000095
0.004068
0.001613
0.000114
0.131177
0.000060
0.004978
0.002339
0.000213
0.016346
0.004446
0.006045
0.000821
0.006631
0.000376
0.207881
0.001882
0.000456
0.027127
0.054640
0.089794
0.031535
0.013772
0.000180
0.007082
0.113065
0.000257
0.007544
0.022654
0.003450
0.000706
0.013643
0.001444
0.000237
0.016496
0.000125
0.001675
0.010350
0.000667
0.028483
0.000230
0.001630
0.000639
0.000950
0.000416
0.000709
0.009799
0.001068
0.000485
0.001088
0.001713
0.000880
0.020090
0.000226
0.005047
0.148000
0.000380
0.000815
0.000514
0.002159
0.035934
0.001640
0.000510
0.002266
0.000146
0.003632
0.017028
0.001550
0.000251
0.000173
0.001177
0.000695
0.001254
0.000146
0.001056
0.001378
0.000311
0.004684
0.002882
0.001468
0.000355
0.000599
0.000174
0.000655
0.000120
0.000391
0.241277
0.000030
0.013250
0.007054
0.001131
0.006422
0.013213
0.025551
0.011995
0.027671
0.000478
0.002394
0.000537
0.009581
0.000208
0.000176
0.008995
0.000444
0.009422
0.001075
0.021083
0.000228
0.003279
0.001223
0.003716
0.013634
0.000557
0.007985
0.010676
0.000184
0.001781
0.000093
0.012253
0.000617
0.000744
0.001384
0.000899
0.001122
0.025598
0.001250
0.009255
0.000478
0.000212
0.077019
0.000337
0.000176
0.000614
0.000891
0.000305
0.003521
0.008685
0.001198
0.000312
0.024249
0.001101
0.001389
0.001519
0.023376
0.001648
0.023545
0.012189
0.001161
0.004027
0.001500
0.000822
0.000597
0.000067
0.008246
0.000015
0.571325
0.000069
0.030956
0.032316
0.004751
0.003227
0.023857
0.013106
0.008830
0.003372
0.019791
0.131935
0.002035
0.037324
0.007820
0.006727
0.020120
0.001962
0.000840
0.222899
0.000224
0.105865
0.247322
0.000525
0.004512
0.001200
0.001815
0.019825
0.000086
0.010751
0.015648
0.004370
0.000154
0.001123
0.000195
0.002355
0.000845
0.001532
0.000398
0.001662
0.001529
0.003669
0.001267
0.000421
0.001408
0.000059
0.000613
0.001277
0.001970
0.001040
0.000606
0.002826
0.004390
0.000120
0.013096
0.000774
0.000445
0.000022
0.000381
0.000384
0.001737
0.132216
0.000002
0.105727
0.001615
0.007518
0.012227
0.001220
0.000059
0.011002
0.005740
0.003573
0.000614
0.000042
0.040743
0.004673
0.003243
0.000111
0.003069
0.000615
0.000548
0.000205
0.001212
0.000280
0.000210
0.000044
0.001036
0.000728
0.000016
0.011088
0.001595
0.000074
0.000307
0.002585
0.022503
0.000054
0.000213
0.414224
0.001427
0.000209
0.002929
0.000295
0.000616
0.001225
0.000105
0.000324
0.016298
0.004389
0.012803
0.000097
0.000980
0.000659
0.000485
0.278840
0.004040
0.017951
0.000207
0.004057
0.003595
0.342290
0.000583
0.000516
0.000700
0.002282
0.000088
0.000636
0.000260
0.000172
0.000130
0.000423
0.000390
0.001752
0.000475
0.000092
0.008275
0.000505
0.016020
0.000610
0.002193
0.000081
0.000314
0.009042
0.000933
0.000495
0.000754
0.027151
0.000134
0.009595
0.002074
0.002971
0.001214
0.005292
0.001087
0.000731
0.062940
0.000033
0.014186
0.000405
0.000439
0.000377
0.003167
0.000757
0.001097
0.000011
0.320108
0.000179
0.032995
0.000260
0.001869
0.007927
0.000638
0.000220
0.001035
0.000070
0.006344
0.013931
0.000853
0.000061
0.000022
0.000045
0.023746
0.000365
0.002727
0.001915
0.001797
0.072640
0.001060
0.000536
0.318186
0.000300
0.000188
0.001095
0.002426
0.008903
0.003992
0.003845
0.000630
0.000345
0.000505
0.004857
0.000981
0.000814
0.000908
0.000764
0.007901
0.000067
0.002362
0.000715
0.000081
0.000193
0.000072
0.000851
0.000295
0.000187
0.006416
0.000530
0.001110
0.005360
0.001091
0.000500
0.001203
0.015313
0.000574
0.000804
0.000506
0.000029
0.000049
0.001469
0.002230
0.000644
0.000425
0.000168
0.000234
0.276846
0.001738
0.010914
0.004062
0.000036
0.006679
0.000433
0.000724
0.000271
0.009684
0.042436
0.001121
0.004896
0.000141
0.000058
0.013918
0.000114
0.000018
0.000930
0.001119
0.001102
0.024838
0.001100
0.000112
0.000372
0.002919
0.000009
0.000054
0.002517
0.000289
0.000032
0.024179
0.006211
0.007644
0.007420
0.000606
0.000542
0.000215
0.000013
0.007008
0.001169
0.001836
0.000060
0.000046
0.000597
0.001387
0.004013
0.176278
0.007682
0.003039
0.000480
0.000656
0.000413
0.000288
0.003553
0.000657
0.000119
0.000015
0.000006
0.000058
0.002519
0.000764
0.000383
0.000144
0.000112
0.008670
0.001113
0.000779
0.002494
0.022604
0.000022
0.000306
0.001021
0.021934
0.000507
0.000999
0.000300
0.001411
0.000816
0.007405
0.000144
0.000021
0.016167
0.000125
0.001653
0.000162
0.003755
0.000199
0.000659
0.000501
0.015724
0.000288
0.002679
0.000213
0.000158
0.000187
0.000037
0.158341
0.004894
0.000839
0.004357
0.001103
0.000308
0.002574
0.000634
0.000019
0.001982
0.000888
0.000317
0.000256
0.000309
0.000224
0.014986
0.000102
0.061956
0.000305
0.011238
0.000043
0.004492
0.006022
0.000200
0.029187
0.032613
0.000216
0.000382
0.007572
0.150673
0.000943
0.087081
0.001146
0.000443
0.001677
0.000154
0.000935
0.002581
0.000060
0.000053
0.000136
0.000443
0.000014
0.000439
0.000472
0.001552
0.001008
0.000564
0.000397
0.000445
0.000431
0.002092
0.000813
0.000257
0.000020
0.000010
0.000040
0.009463
0.002876
0.000014
0.000834
0.003751
0.001655
0.002810
0.000523
0.003962
0.022686
0.009328
0.000112
0.003775
0.000074
0.000102
0.000549
0.020524
0.008239
0.001056
0.003943
0.202622
0.000234
0.000038
0.000175
0.000208
0.001156
0.000111
0.002111
0.000437
0.001498
0.000615
0.000583
0.000473
0.000149
0.031119
0.002734
0.000816
0.001828
0.000635
0.161990
0.000294
0.000271
0.001224
0.001805
0.025327
0.000110
0.000210
0.019547
0.000858
0.000036
0.000698
0.004303
0.174046
0.001020
0.007207
0.001214
0.000236
0.001017
0.000202
0.000826
0.000015
0.000350
0.001636
0.000519
0.003290
0.000199
0.005906
0.000047
0.002368
0.000005
0.000690
0.000931
0.464264
0.000103
0.001990
0.000137
0.000763
0.029618
0.000280
0.000075
0.000222
0.001661
0.000205
0.000571
0.000165
0.000039
0.005140
0.002511
0.000286
0.004626
0.017307
0.000143
0.000191
0.000651
0.002531
0.000295
0.000533
0.000094
0.004340
0.001732
0.077723
0.000402
0.000236
0.000465
0.000018
0.000086
0.000060
0.000546
0.018714
0.017272
0.000253
0.000768
0.000133
0.000400
0.001759
0.000385
0.000097
0.000049
0.000018
0.001567
0.000911
0.001817
0.000084
0.000045
0.008060
0.000474
0.000781
0.007221
0.111933
0.006367
0.000158
0.004344
0.000092
0.015595
0.065706
0.012548
0.000865
0.002115
0.000191
0.000299
0.001552
0.001757
0.001273
0.076053
0.000484
0.001000
0.000276
0.014039
0.003393
0.000265
0.000398
0.000082
0.007246
0.000480
0.001551
0.000505
0.020826
0.005617
0.007561
0.003802
0.008083
0.000075
0.000029
0.000218
0.000823
0.005601
0.000271
0.000582
0.000080
0.006236
0.001315
0.000175
0.000103
0.000841
0.003424
0.000227
0.015733
0.004370
0.000019
0.001198
0.017832
0.017713
0.000089
0.000050
0.000331
0.007170
0.000005
0.001336
0.000054
0.000093
0.000019
0.000251
0.001302
0.003976
0.000587
0.022288
0.003078
0.000118
0.046534
0.001977
0.000021
0.005040
0.000067
0.000035
0.003614
0.000061
0.002291
0.000665
0.000086
0.000077
0.000177
0.000505
0.000032
0.000038
0.010726
0.000196
0.000001
0.000976
0.006457
0.049455
0.016698
0.000133
0.003202
0.002400
0.000007
0.002116
0.001033
0.000062
0.001382
0.002430
0.021315
0.000433
0.000192
0.000363
0.000085
0.002750
0.003068
0.000080
0.188018
0.000169
0.000829
0.000213
0.000073
0.004644
0.000037
0.000136
0.000060
0.000992
0.000449
0.000144
0.000845
0.001555
0.001734
0.001846
0.032249
0.002833
0.000252
0.000256
0.009309
0.001917
0.000353
0.004521
0.000062
0.004228
0.000913
0.000210
0.002735
0.000320
0.000014
0.137737
0.000494
0.003810
0.000023
0.000324
0.001100
0.000727
0.000059
0.004076
0.002075
0.000196
0.000596
0.000015
0.000252
0.000218
0.155926
0.000029
0.001770
0.001449
0.000939
0.000260
0.000184
0.000940
0.005336
0.000087
0.000686
0.000068
0.000213
0.132448
0.000134
0.001258
0.037926
0.000149
0.198851
0.000585
0.000064
0.000517
0.002597
0.002316
0.001265
0.000263
0.001367
0.000108
0.000144
0.000005
0.000501
0.000033
0.000444
0.003416
0.003201
0.000325
0.000226
0.000219
0.002638
0.000399
0.000706
0.000092
0.308862
0.002237
0.000696
0.001329
0.001437
0.002312
0.173167
0.000503
0.000993
0.000317
0.000028
0.002256
0.000221
0.000294
0.000431
0.004677
0.000082
0.002233
0.001752
0.004733
0.000696
0.000152
0.000068
0.000105
0.000094
0.000168
0.000430
0.000016
0.000910
0.002618
0.004115
0.002129
0.000675
0.000622
0.010115
0.000891
0.000112
0.000130
0.003133
0.000063
0.000708
0.000081
0.000337
0.000149
0.000135
0.000187
0.000079
0.016754
0.007698
0.000042
0.000096
0.000043
0.000291
0.021029
0.000512
0.061279
0.000490
0.001377
0.000227
0.141639
0.000934
0.001626
0.000134
0.001147
0.000370
0.000783
0.004033
0.000059
0.000226
0.000158
0.000276
0.000082
0.003981
0.001519
0.001495
0.000138
0.000516
0.003571
0.000512
0.002763
0.000046
0.000099
0.000071
0.001629
0.001722
0.015344
0.000013
0.000222
0.000102
0.008438
0.000949
0.000155
0.063279
0.005633
0.260132
0.000347
0.000143
0.000190
0.000168
0.001896
0.000033
0.000295
0.001264
0.004522
0.000073
0.116136
0.000112
0.042837
0.000175
0.000105
0.000087
0.105078
0.007724
0.000195
0.009628
0.000882
0.002863
0.011999
0.016604
0.000027
0.000024
0.044276
0.000364
0.003330
0.000016
0.001632
0.004969
0.002161
0.001987
0.000207
0.000838
0.001137
0.000401
0.000141
0.000221
0.000353
0.017330
0.000132
0.000141
0.000044
0.000284
0.005563
0.016620
0.025435
0.000051
0.000604
0.003275
0.000980
0.041674
0.000223
0.011659
0.001198
0.000610
0.000894
0.000377
0.002356
0.000777
0.000621
0.000136
0.000158
0.001975
0.000079
0.000569
0.000104
0.001057
0.000215
0.003406
0.090383
0.000010
0.005468
0.000741
0.000230
0.000196
0.000096
0.003069
0.009367
0.003780
0.000058
0.000259
0.000070
0.028484
0.000132
0.000732
0.000021
0.032627
0.000047
0.000128
0.001846
0.000060
0.000204
0.000020
0.000229
0.000059
0.294900
0.003171
0.023901
0.011815
0.005340
0.000252
0.000665
0.000184
0.000227
0.000001
0.000338
0.000017
0.000829
0.000058
0.000143
0.008706
0.000730
0.000145
0.000012
0.000609
0.000081
0.000298
0.000011
0.062653
0.000104
0.018794
0.000611
0.006052
0.001418
0.000182
0.732409
0.000028
0.000251
0.000082
0.000508
0.002627
0.000774
0.000455
0.001448
0.000670
0.000031
0.000037
0.000348
0.000632
0.055335
0.000935
0.002402
0.000516
0.000299
0.000433
0.000036
0.000617
0.000344
0.000237
0.006174
0.000384
0.000326
0.000130
0.000023
0.044987
0.000191
0.000266
0.000376
0.001083
0.006920
0.000751
0.000022
0.001571
0.000096
0.000895
0.000036
0.000725
0.000155
0.000223
0.000170
0.000443
0.000172
0.014130
0.000232
0.000229
0.000152
0.000105
0.000023
0.005313
0.000050
0.000310
0.001854
0.000654
0.002352
0.000895
0.000570
0.000003
0.002007
0.000003
0.000629
0.002362
0.027235
0.000627
0.035871
0.011171
0.000879
0.002146
0.000236
0.006572
0.001285
0.000098
0.000260
0.000002
0.000283
0.129350
0.000102
0.000483
0.001497
0.000780
0.000446
0.000006
0.001163
0.000647
0.004953
0.000205
0.000441
0.000088
0.009925
0.000187
0.000705
0.006344
0.004718
0.009014
0.000548
0.001382
0.016817
0.001178
0.000017
0.003415
0.000046
0.000175
0.000193
0.000036
0.057958
0.043547
0.000094
0.002203
0.001225
0.000172
0.000657
0.143000
0.004545
0.000852
0.000405
0.000024
0.000159
0.000018
0.000725
0.000239
0.000020
0.001687
0.000715
0.000209
0.001270
0.000008
0.170235
0.000123
0.001286
0.006476
0.231434
0.001374
0.000209
0.000242
0.000944
0.000079
0.000617
0.000373
0.000147
0.000006
0.003433
0.000033
0.000752
0.000306
0.002556
0.005987
0.000094
0.013940
0.001325
0.000241
0.004611
0.000051
0.000421
0.016130
0.000375
0.001866
0.012809
0.000448
0.043152
0.000152
0.000035
0.005108
0.000108
0.000108
0.014332
0.001508
0.010217
0.000605
0.000416
0.000089
0.000031
0.000342
0.000845
0.002147
0.003936
0.002033
0.000279
0.000071
0.000115
0.008136
0.001771
0.000263
0.000125
0.000537
0.000569
0.000129
0.311978
0.000002
0.000007
0.000623
0.005990
0.000340
0.000444
0.000534
0.001597
0.000509
0.000328
0.000014
0.000682
0.001480
0.000168
0.000083
0.000711
0.000546
0.003142
0.000305
0.002467
0.000183
0.000410
0.000971
0.000040
0.000031
0.000004
0.001288
0.000475
0.000083
0.000342
0.000245
0.020698
0.002541
0.001614
0.000200
0.000286
0.000032
0.000259
0.000333
0.000277
0.001647
0.000133
0.001881
0.000087
0.000303
0.010520
0.000363
0.005027
0.000123
0.003542
0.000022
0.000068
0.000089
0.000063
0.001629
0.000009
0.001313
0.000591
0.000855
0.000159
0.005231
0.000079
0.000981
0.000286
0.000061
0.000074
0.000723
0.000402
0.000380
0.000776
0.002224
0.000241
0.000264
0.000279
0.000998
0.000043
0.000820
0.000295
0.000209
0.000873
0.000323
0.000183
0.000622
0.000288
0.000595
0.000907
0.000083
0.111312
0.006353
0.000313
0.002109
0.000252
0.133500
0.000616
0.000079
0.000057
0.000338
0.001519
0.000210
0.000764
0.001585
0.009705
0.000011
0.005415
0.000103
0.000446
0.000101
0.000513
0.011150
0.000144
0.000303
0.000052
0.004434
0.000526
0.000081
0.002044
0.002151
0.000005
0.000081
0.001521
0.000098
0.000145
0.000889
0.000178
0.014053
0.002114
0.144461
0.002369
0.132482
0.000145
0.005391
0.000154
0.000004
0.000039
0.000611
0.000247
0.153991
0.000009
0.000072
0.002765
0.000692
0.002518
0.034878
0.001091
0.000205
0.000514
0.000268
0.000403
0.558482
0.000145
0.000122
0.032208
0.001065
0.000096
0.000656
0.000708
0.000221
0.000335
0.001403
0.000050
0.004710
0.002349
0.000362
0.000050
0.000011
0.000001
0.001520
0.001066
0.000083
0.002455
0.000016
0.000846
0.009040
0.001408
0.000081
0.000035
0.018228
0.000009
0.000036
0.001099
0.000371
0.000398
0.001813
0.000022
0.000163
0.002868
0.000050
0.001515
0.000058
0.000048
0.019672
0.000115
0.019233
0.000658
0.001057
0.000211
0.008999
0.000035
0.000060
0.000013
0.000132
0.000950
0.000019
0.001414
0.000605
0.115552
0.000294
0.000316
0.002389
0.001642
0.000108
0.000021
0.000152
0.000777
0.000000
0.001105
0.000018
0.000032
0.000003
0.000025
0.001035
0.013163
0.000018
0.000254
0.001856
0.000792
0.000463
0.000197
0.000058
0.000013
0.000092
0.000488
0.000330
0.000220
0.001240
0.002107
0.000071
0.000431
0.001560
0.000185
0.003914
0.000027
0.008644
0.002674
0.003011
0.000609
0.000106
0.000197
0.003302
0.000795
0.000152
0.000020
0.000369
0.013953
0.000366
0.000194
0.000074
0.000547
0.000011
0.000033
0.000066
0.000197
0.001204
0.000998
0.000528
0.000035
0.034668
0.000266
0.000407
0.000995
0.000017
0.000005
0.001784
0.000012
0.000145
0.000153
0.255576
0.001125
0.002622
0.000055
0.000459
0.000030
0.000045
0.000027
0.000066
0.000056
0.000256
0.000039
0.000348
0.000123
0.000344
0.000008
0.000166
0.000143
0.001071
0.000091
0.000028
0.000025
0.001090
0.000250
0.001284
0.000023
0.000048
0.000692
0.000010
0.000382
0.000454
0.000402
0.000600
0.000137
0.000033
0.195578
0.000003
0.000084
0.000014
0.000524
0.000439
0.000311
0.000134
0.025476
0.000357
0.000025
0.000415
0.000204
0.000035
0.001642
0.000161
0.019552
0.000013
0.000681
0.000082
0.000076
0.000644
0.000285
0.000598
0.000169
0.006593
0.000047
0.001234
0.000291
0.000039
0.000117
0.000153
0.000803
0.014048
0.000515
0.000042
0.000113
0.001050
0.023270
0.000354
0.000208
0.000006
0.000006
0.000442
0.021081
0.000710
0.000245
0.000022
0.000192
0.000092
0.000129
0.118083
0.048796
0.000235
0.000146
0.000297
0.000131
0.000159
0.000476
0.000471
0.001003
0.000014
0.000015
0.000021
0.001542
0.000048
0.001035
0.000002
0.000065
0.000246
0.000006
0.000123
0.000018
0.000577
0.000659
0.000023
0.001196
0.000557
0.000093
0.000501
0.000853
0.000545
0.000008
0.000023
0.001874
0.000063
0.001433
0.001779
0.000080
0.001128
0.000095
0.018528
0.008135
0.000454
0.000043
0.000023
0.000402
0.002600
0.000621
0.056337
0.000015
0.000806
0.001554
0.000466
0.000050
0.005170
0.000102
0.006424
0.224459
0.001869
0.000471
0.004564
0.000168
0.000203
0.000191
0.000523
0.001265
0.000131
0.000015
0.000002
0.000019
0.011459
0.000043
0.000104
0.000002
0.000392
0.000681
0.006561
0.000078
0.000087
0.000099
0.000144
0.000280
0.000466
0.000230
0.000013
0.000009
0.000011
0.003569
0.000626
0.000274
0.008771
0.074794
0.004131
0.031627
0.000030
0.000053
0.000294
0.000124
0.001834
0.000174
0.000046
0.000077
0.000009
0.000022
0.000768
0.000046
0.000012
0.000463
0.000455
0.000437
0.000266
0.000056
0.000079
0.000002
0.000006
0.000062
0.000054
0.000514
0.000479
0.000163
0.000060
0.000063
0.000368
0.000025
0.000154
0.000202
0.000632
0.000048
0.006143
0.000082
0.000008
0.001456
0.000079
0.000080
0.000265
0.000067
0.000256
0.000013
0.000088
0.000051
0.000121
0.000028
0.000079
0.000768
0.000357
0.000009
0.000017
0.000229
0.000026
0.000129
0.001311
0.001706
0.000105
0.000392
0.000523
0.000001
0.000369
0.000100
0.000074
0.000256
0.000014
0.000002
0.004653
0.000005
0.001570
0.000006
0.000006
0.000020
0.000015
0.000057
0.000023
0.000014
0.000826
0.000680
0.000013
0.000009
0.000023
0.000011
0.000472
0.000029
0.000015
0.000122
0.000040
0.000000
0.000004
0.000012
0.000195
0.000185
0.000031
0.000145
0.000333
0.000221
0.000049
0.000013
0.000187
0.000001
0.000015
0.000671
0.000030
0.000178
0.000102
0.000075
0.000104
0.000076
0.000624
0.000059
0.000040
0.000086
0.000053
0.000089
0.003072
0.000159
0.000001
0.000013
0.000366
0.000145
0.000987
0.000794
0.000090
0.000075
0.000089
0.003026
0.000113
0.000023
0.000584
0.000208
0.000548
0.000011
0.000038
0.000072
0.000244
0.000169
0.000006
0.000957
0.000083
0.000097
0.000044
0.000000
0.000128
0.000089
0.000107
0.000373
0.000012
0.000000
0.000624
0.000771
0.000075
0.000249
0.000041
0.000070
0.000006
0.000054
0.000044
0.000024
0.000110
0.000019
0.000034
0.000212
0.000008
0.000033
0.011665
0.000007
0.000001
0.000148
0.000015
0.000003
0.000001
0.000112
0.000171
0.000062
0.000003
0.001901
0.000079
0.000090
0.000302
0.000025
0.000270
0.000087
0.000025
0.000498
0.000695
0.000044
0.000614
0.000257
0.000578
0.009000
0.002245
0.066271
0.016421
0.000123
0.000043
0.000632
0.000238
0.000006
0.000054
0.000018
0.000729
0.000222
0.001821
0.000050
0.000069
0.000006
0.000456
0.000013
0.000047
0.000033
0.000684
0.000005
0.000392
0.000189
0.000035
0.000140
0.000092
0.001956
0.014521
0.000007
0.000129
0.000033
0.000014
0.000000
0.000114
0.000002
0.003183
0.000309
0.000055
0.000026
0.000432
0.000034
0.000020
0.000276
0.000011
0.000012
0.000033
0.000166
0.001100
0.002021
0.000110
0.000046
0.000003
0.000641
0.000009
0.000005
0.000094
0.000266
0.000002
0.006456
0.000383
0.000001
0.000001
0.000058
0.001070
0.000059
0.000056
0.000074
0.000109
0.000174
0.000108
0.000027
0.000059
0.000014
0.000004
0.000042
0.000081
0.000127
0.000250
0.000214
0.000092
0.000008
0.000141
0.000001
0.000201
0.000020
0.000564
0.000100
0.000294
0.000118
0.000421
0.000012
0.000046
0.000321
0.000287
0.000037
0.000013
0.000010
0.000090
0.000013
0.000173
0.000039
0.000018
0.000049
0.000341
0.000055
0.000029
0.000095
0.000035
0.000054
0.000023
0.000013
0.000042
0.000014
0.000036
0.000001
0.000055
0.000002
0.000191
0.000048
0.000019
0.000001
0.000045
0.000024
0.000005
0.000010
0.000001
0.000010
0.000051
0.000158
0.008603
0.000051
0.000023
0.000007
0.000014
0.000513
0.000028
0.000002
0.000014
0.000036
0.000000
0.000177
0.000012
0.000003
0.000001
0.000002
0.002061
0.000226
0.000081
0.000200
0.000050
0.000041
0.003655
0.000006
0.000006
0.000110
0.000044
0.005098
0.000100
0.002265
0.000195
0.000776
0.000150
0.000014
0.002257
0.000005
0.013291
0.000104
0.000592
0.000228
0.000041
0.000170
0.000078
0.000028
0.000040
0.000658
0.000300
0.000086
0.000030
0.000090
0.000367
0.000309
0.000062
0.000085
0.000266
0.000030
0.029078
0.000017
0.000040
0.171641
0.000236
0.000144
0.000693
0.000232
0.001073
0.001142
0.000011
0.000000
0.003116
0.000007
0.000889
0.000035
0.000116
0.000070
0.061923
0.002140
0.000001
0.000819
0.000028
0.000066
0.000008
0.000026
0.002365
0.000113
0.000016
0.000185
0.000230
0.157203
0.000885
0.000355
0.000028
0.000039
0.000014
0.000518
0.000499
0.000015
0.000080
0.005455
0.000121
0.000312
0.003128
0.001841
0.000086
0.000014
0.000209
0.000159
0.000011
0.000005
0.000079
0.000094
0.000387
0.000085
0.000506
0.000681
0.000834
0.001067
0.000706
0.000001
0.000021
0.000030
0.000584
0.000031
0.000110
0.000398
0.000039
0.000257
0.002032
0.000296
0.001826
0.000021
0.044964
0.000024
0.000083
0.000003
0.000285
0.000319
0.000037
0.000099
0.000097
0.000010
0.000109
0.001237
0.000007
0.000084
0.000121
0.000016
0.000439
0.000131
0.000013
0.000006
0.000202
0.000012
0.004028
0.000109
0.000065
0.000111
0.000062
0.000017
0.000010
0.000183
0.000059
0.000005
0.000003
0.000025
0.000054
0.000023
0.003177
0.000011
0.000406
0.000001
0.014749
0.000133
0.000642
0.000214
0.000002
0.008953
0.000079
0.000048
0.000140
0.000021
0.000086
0.002971
0.000006
0.000553
0.000196
0.000013
0.001015
0.000069
0.000108
0.000006
0.000069
0.000054
0.001760
0.001087
0.001832
0.000291
0.000120
0.000181
0.000919
0.000064
0.000411
0.000114
0.000041
0.000161
0.000232
0.000199
0.000015
0.001529
0.000247
0.000232
0.276557
0.000451
0.000032
0.017977
0.000204
0.000017
0.000594
0.000018
0.002530
0.000075
0.014328
0.000168
0.000043
0.000470
0.000203
0.000174
0.000006
0.000027
0.000329
0.000956
0.000152
0.000000
0.000620
0.000226
0.004696
0.000169
0.000218
0.000041
0.000031
0.001991
0.000084
0.000635
0.000245
0.000200
0.000003
0.000058
0.000329
0.000308
0.001824
0.000195
0.003483
0.000385
0.000043
0.001973
0.000051
0.005100
0.000020
0.054838
0.002353
0.284931
0.000005
0.000001
0.002509
0.000126
0.000004
0.000661
0.001528
0.000009
0.000097
0.000254
0.000018
0.000011
0.000059
0.000966
0.000262
0.000287
0.000445
0.000085
0.000083
0.000147
0.003562
0.000016
0.001767
0.000139
0.000225
0.002909
0.001161
0.000103
0.000010
0.006373
0.000066
0.001110
0.000242
0.004184
0.001533
0.000149
0.000244
0.001039
0.000840
0.000145
0.000016
0.012455
0.000041
0.000016
0.000041
0.000070
0.000083
0.072641
0.000053
0.000031
0.000620
0.001294
0.000018
0.000008
0.000567
0.000123
0.000669
0.000141
0.000162
0.000064
0.000105
0.000062
0.000002
0.001151
0.000011
0.000707
0.000136
0.001793
0.000128
0.000034
0.000154
0.000792
0.000358
0.000023
0.000155
0.000053
0.000136
0.000690
0.000012
0.000040
0.000019
0.000003
0.000061
0.000385
0.013049
0.000247
0.000098
0.000112
0.000618
0.000037
0.001072
0.000112
0.000117
0.000003
0.000097
0.001109
0.000109
0.000570
0.001932
0.000115
0.000027
0.000198
0.000201
0.000014
0.000037
0.000098
0.000861
0.000127
0.000528
0.000066
0.000036
0.000025
0.000100
0.004975
0.002287
0.000064
0.000003
0.000110
0.000860
0.000164
0.000072
0.016731
0.000009
0.000087
0.000140
0.000109
0.000015
0.001029
0.000029
0.000220
0.001406
0.014231
0.000171
0.000073
0.000013
0.000001
0.000781
0.000055
0.000207
0.000279
0.000032
0.000061
0.000009
0.000502
0.000002
0.000053
0.000016
0.000010
0.000011
0.000046
0.000024
0.000046
0.000052
0.000562
0.000006
0.000021
0.001165
0.000003
0.000079
0.000170
0.000001
0.000006
0.000006
0.000003
0.000004
0.000003
0.000152
0.000077
0.000001
0.000032
0.000150
0.000015
0.000118
0.000009
0.000020
0.000002
0.000017
0.000070
0.001199
0.000084
0.000369
0.000053
0.000020
0.000233
0.000681
0.000007
0.000189
0.000070
0.000065
0.000266
0.002341
0.000081
0.000009
0.000003
0.000013
0.001611
0.000076
0.000046
0.000006
0.000882
0.000093
0.000007
0.000934
0.000053
0.000025
0.000151
0.000045
0.000110
0.000014
0.000105
0.000046
0.001708
0.000069
0.000039
0.000033
0.000196
0.000003
0.000001
0.000232
0.000009
0.000028
0.000046
0.000014
0.000430
0.000013
0.000483
0.000000
0.000051
0.000037
0.000064
0.000001
0.000021
0.000011
0.000020
0.000009
0.000066
0.000064
0.000004
0.007983
0.000004
0.000009
0.000068
0.000010
0.000023
0.000011
0.000002
0.000004
0.000009
0.000047
0.000068
0.000012
0.000022
0.000074
0.000007
0.000150
0.000006
0.000007
0.000002
0.000043
0.000062
0.000352
0.000040
0.000477
0.000043
0.000014
0.000681
0.000515
0.000004
0.000423
0.000043
0.000077
0.000150
0.000728
0.000018
0.000009
0.000002
0.000016
0.000573
0.000065
0.000075
0.000005
0.000019
0.000154
0.000024
0.000107
0.000024
0.000103
0.000112
0.000191
0.000031
0.000007
0.000063
0.000040
0.000034
0.000142
0.000062
0.000015
0.000123
0.000002
0.000000
0.000610
0.000007
0.000023
0.000021
0.000016
0.000014
0.000027
0.000099
0.000002
0.000012
0.000013
0.000033
0.000002
0.000007
0.000011
0.000021
0.000008
0.000025
0.000028
0.000001
0.000098
0.000005
0.000005
0.000072
0.000001
0.000001
0.000003
0.000001
0.000001
0.000001
0.000002
0.000038
0.000006
0.000014
0.000056
0.000004
0.000076
0.000004
0.000005
0.000001
0.000047
0.000044
0.000148
0.000028
0.000237
0.000029
0.000014
0.000239
0.000320
0.000003
0.000195
0.000032
0.000043
0.000109
0.000546
0.000015
0.000010
0.000002
0.000014
0.000390
0.000051
0.000063
0.000004
0.000010
0.000127
0.000018
0.000060
0.000022
0.000071
0.000088
0.000132
0.000024
0.000007
0.000041
0.000029
0.000028
0.000099
0.000056
0.000012
0.000078
0.000002
0.000000
0.000297
0.000007
0.000020
0.000019
0.000015
0.000011
0.000027
0.000059
0.000002
0.000011
0.000012
0.000027
0.000003
0.000007
0.000010
0.000017
0.000007
0.000020
0.000023
0.000001
0.000061
0.000005
0.000004
0.000072
0.000001
0.000001
0.000002
0.000001
0.000001
0.000001
0.000002
0.000037
0.000005
0.000011
0.000047
0.000004
0.000058
0.000003
0.000004
0.000001
0.000043
0.000036
0.000114
0.000022
0.000191
0.000023
0.000012
0.000171
0.000214
0.000002
0.000146
0.000027
0.000034
0.000085
0.000403
0.000013
0.000010
0.000001
0.000012
0.000290
0.000044
0.000055
0.000003
0.000008
0.000114
0.000015
0.000053
0.000020
0.000055
0.000075
0.000098
0.000018
0.000006
0.000033
0.000022
0.000024
0.000084
0.000051
0.000010
0.000059
0.000002
0.000000
0.000218
0.000006
0.000019
0.000018
0.000013
0.000010
0.000025
0.000050
0.000001
0.000009
0.000011
0.000023
0.000002
0.000006
0.000008
0.000015
0.000007
0.000017
0.000021
0.000001
0.000043
0.000004
0.000003
0.000071
0.000001
0.000001
0.000002
0.000000
0.000001
0.000001
0.000001
0.000035
0.000004
0.000010
0.000041
0.000003
0.000047
0.000003
0.000003
0.000001
0.000039
0.000031
0.000094
0.000018
0.000162
0.000020
0.000011
0.000133
0.000160
0.000002
0.000118
0.000024
0.000028
0.000070
0.000318
0.000011
0.000010
0.000001
0.000010
0.000227
0.000038
0.000049
0.000003
0.000006
0.000103
0.000013
0.000048
0.000019
0.000045
0.000066
0.000077
0.000015
0.000005
0.000028
0.000018
0.000022
0.000072
0.000047
0.000009
0.000047
0.000001
0.000000
0.000175
0.000005
0.000017
0.000017
0.000013
0.000009
0.000023
0.000044
0.000001
0.000009
0.000010
0.000021
0.000002
0.000006
0.000007
0.000013
0.000006
0.000014
0.000019
0.000001
0.000033
0.000004
0.000003
0.000070
0.000001
0.000001
0.000002
0.000000
0.000001
0.000001
0.000001
0.000034
0.000004
0.000009
0.000037
0.000003
0.000040
0.000003
0.000003
0.000001
0.000036
0.000027
0.000081
0.000015
0.000141
0.000017
0.000010
0.000108
0.000127
0.000002
0.000100
0.000021
0.000024
0.000059
0.000261
0.000010
0.000009
0.000001
0.000009
0.000185
0.000035
0.000044
0.000002
0.000005
0.000094
0.000011
0.000044
0.000018
0.000038
0.000059
0.000063
0.000013
0.000005
0.000024
0.000016
0.000020
0.000063
0.000044
0.000008
0.000039
0.000001
0.000000
0.000147
0.000005
0.000017
0.000016
0.000012
0.000008
0.000021
0.000039
0.000001
0.000008
0.000010
0.000019
0.000002
0.000005
0.000007
0.000012
0.000006
0.000012
0.000017
0.000001
0.000027
0.000004
0.000003
0.000068
0.000001
0.000001
0.000001
0.000000
0.000001
0.000001
0.000001
0.000033
0.000004
0.000008
0.000033
0.000003
0.000034
0.000002
0.000003
0.000001
0.000033
0.000024
0.000071
0.000013
0.000125
0.000015
0.000009
0.000090
0.000105
0.000001
0.000086
0.000019
0.000021
0.000051
0.000221
0.000009
0.000009
0.000001
0.000009
0.000155
0.000032
0.000040
0.000002
0.000005
0.000086
0.000010
0.000041
0.000016
0.000033
0.000054
0.000052
0.000011
0.000004
0.000021
0.000014
0.000018
0.000056
0.000040
0.000007
0.000033
0.000001
0.000000
0.000127
0.000004
0.000016
0.000016
0.000011
0.000007
0.000020
0.000035
0.000001
0.000007
0.000009
0.000018
0.000002
0.000005
0.000006
0.000011
0.000006
0.000011
0.000016
0.000001
0.000022
0.000003
0.000002
0.000065
0.000001
0.000001
0.000001
0.000000
0.000001
0.000001
0.000001
0.000032
0.000003
0.000007
0.000030
0.000002
0.000030
0.000002
0.000002
0.000001
0.000031
0.000021
0.000064
0.000012
0.000113
0.000014
0.000008
0.000077
0.000089
0.000001
0.000076
0.000018
0.000019
0.000045
0.000192
0.000009
0.000008
0.000001
0.000008
0.000133
0.000029
0.000037
0.000002
0.000004
0.000079
0.000009
0.000038
0.000016
0.000029
0.000049
0.000045
0.000009
0.000004
0.000019
0.000012
0.000017
0.000050
0.000038
0.000006
0.000029
0.000001
0.000000
0.000112
0.000004
0.000015
0.000015
0.000011
0.000006
0.000019
0.000032
0.000001
0.000007
0.000009
0.000017
0.000002
0.000004
0.000005
0.000010
0.000005
0.000010
0.000015
0.000001
0.000019
0.000003
0.000002
0.000063
0.000001
0.000001
0.000001
0.000000
0.000001
0.000001
0.000001
0.000031
0.000003
0.000007
0.000028
0.000002
0.000027
0.000002
0.000002
0.000000
0.000029
0.000019
0.000057
0.000011
0.000102
0.000012
0.000008
0.000067
0.000077
0.000001
0.000068
0.000016
0.000017
0.000040
0.000169
0.000008
0.000008
0.000001
0.000007
0.000116
0.000027
0.000034
0.000002
0.000004
0.000073
0.000008
0.000035
0.000015
0.000025
0.000046
0.000039
0.000008
0.000003
0.000017
0.000011
0.000016
0.000045
0.000035
0.000006
0.000025
0.000001
0.000000
0.000100
0.000003
0.000015
0.000014
0.000010
0.000006
0.000018
0.000029
0.000001
0.000006
0.000008
0.000016
0.000002
0.000004
0.000005
0.000010
0.000005
0.000009
0.000014
0.000000
0.000016
0.000003
0.000002
0.000061
0.000001
0.000000
0.000001
0.000000
0.000001
0.000001
0.000001
0.000030
0.000003
0.000006
0.000026
0.000002
0.000024
0.000002
0.000002
0.000000
0.000027
0.000018
0.000052
0.000010
0.000094
0.000011
0.000007
0.000059
0.000068
0.000001
0.000062
0.000015
0.000015
0.000036
0.000151
0.000008
0.000007
0.000001
0.000007
0.000102
0.000026
0.000031
0.000002
0.000003
0.000068
0.000007
0.000033
0.000014
0.000023
0.000043
0.000034
0.000008
0.000003
0.000016
0.000010
0.000015
0.000041
0.000033
0.000005
0.000023
0.000001
0.000000
0.000090
0.000003
0.000014
0.000014
0.000010
0.000005
0.000017
0.000027
0.000001
0.000006
0.000008
0.000015
0.000001
0.000004
0.000005
0.000009
0.000005
0.000008
0.000013
0.000000
0.000014
0.000003
0.000002
0.000059
0.000001
0.000000
0.000001
0.000000
0.000001
0.000001
0.000001
0.000029
0.000003
0.000006
0.000024
0.000002
0.000022
0.000002
0.000002
0.000000
0.000025
0.000016
0.000048
0.000009
0.000087
0.000010
0.000007
0.000053
0.000060
0.000001
0.000057
0.000014
0.000014
0.000033
0.000136
0.000007
0.000007
0.000001
0.000007
0.000091
0.000024
0.000029
0.000001
0.000003
0.000064
0.000007
0.000031
0.000014
0.000020
0.000040
0.000031
0.000007
0.000003
0.000014
0.000009
0.000014
0.000038
0.000031
0.000005
0.000020
0.000001
0.000000
0.000082
0.000003
0.000014
0.000013
0.000009
0.000005
0.000016
0.000025
0.000001
0.000006
0.000007
0.000015
0.000001
0.000004
0.000004
0.000009
0.000005
0.000008
0.000013
0.000000
0.000012
0.000003
0.000002
0.000057
0.000001
0.000000
0.000001
0.000000
0.000001
0.000000
0.000001
0.000027
0.000003
0.000005
0.000023
0.000002
0.000021
0.000002
0.000002
0.000000
0.000024
0.000015
0.000045
0.000008
0.000081
0.000010
0.000007
0.000048
0.000054
0.000001
0.000052
0.000013
0.000013
0.000030
0.000123
0.000007
0.000007
0.000001
0.000006
0.000082
0.000023
0.000027
0.000001
0.000003
0.000060
0.000006
0.000030
0.000013
0.000019
0.000038
0.000028
0.000006
0.000003
0.000013
0.000008
0.000013
0.000035
0.000029
0.000004
0.000018
0.000001
0.000000
0.000076
0.000003
0.000013
0.000013
0.000009
0.000005
0.000016
0.000024
0.000001
0.000005
0.000007
0.000014
0.000001
0.000003
0.000004
0.000008
0.000005
0.000007
0.000012
0.000000
0.000011
0.000003
0.000002
0.000055
0.000001
0.000000
0.000001
0.000000
0.000001
0.000000
0.000001
0.000026
0.000003
0.000005
0.000021
0.000002
0.000019
0.000002
0.000002
0.000000
0.000023
0.000014
0.000042
0.000007
0.000076
0.000009
0.000006
0.000043
0.000049
0.000001
0.000048
0.000013
0.000012
0.000027
0.000113
0.000006
0.000006
0.000001
0.000006
0.000075
0.000022
0.000026
0.000001
0.000003
0.000056
0.000006
0.000028
0.000013
0.000017
0.000036
0.000025
0.000006
0.000003
0.000012
0.000008
0.000013
0.000032
0.000027
0.000004
0.000017
0.000001
0.000000
0.000070
0.000003
0.000013
0.000013
0.000009
0.000005
0.000015
0.000023
0.000001
0.000005
0.000007
0.000014
0.000001
0.000003
0.000004
0.000008
0.000005
0.000007
0.000012
0.000000
0.000010
0.000003
0.000002
0.000053
0.000000
0.000000
0.000001
0.000000
0.000001
0.000000
0.000001
0.000025
0.000002
0.000005
0.000020
0.000002
0.000018
0.000001
0.000002
0.000000
0.000021
0.000013
0.000039
0.000007
0.000071
0.000008
0.000006
0.000040
0.000045
0.000001
0.000045
0.000012
0.000011
0.000025
0.000104
0.000006
0.000006
0.000001
0.000006
0.000068
0.000021
0.000024
0.000001
0.000003
0.000053
0.000005
0.000027
0.000012
0.000016
0.000034
0.000023
0.000005
0.000002
0.000012
0.000007
0.000012
0.000030
0.000026
0.000004
0.000015
0.000001
0.000000
0.000065
0.000002
0.000013
0.000012
0.000008
0.000004
0.000014
0.000021
0.000001
0.000005
0.000006
0.000013
0.000001
0.000003
0.000003
0.000008
0.000005
0.000006
0.000011
0.000000
0.000009
0.000002
0.000001
0.000051
0.000000
0.000000
0.000001
0.000000
0.000000
0.000000
0.000001
0.000025
0.000002
0.000005
0.000019
0.000002
0.000017
0.000001
0.000002
0.000000
0.000020
0.000013
0.000037
0.000006
0.000067
0.000008
0.000006
0.000036
0.000042
0.000001
0.000042
0.000012
0.000011
0.000024
0.000096
0.000006
0.000006
0.000001
0.000006
0.000063
0.000020
0.000023
0.000001
0.000003
0.000051
0.000005
0.000026
0.000012
0.000015
0.000032
0.000021
0.000005
0.000002
0.000011
0.000007
0.000011
0.000028
0.000025
0.000004
0.000014
0.000001
0.000000
0.000061
0.000002
0.000012
0.000012
0.000008
0.000004
0.000014
0.000020
0.000001
0.000005
0.000006
0.000013
0.000001
0.000003
0.000003
0.000007
0.000004
0.000006
0.000011
0.000000
0.000008
0.000002
0.000001
0.000049
0.000000
0.000000
0.000001
0.000000
0.000000
0.000000
0.000001
0.000024
0.000002
0.000004
0.000018
0.000002
0.000015
0.000001
0.000001
0.000000
0.000019
0.000012
0.000035
0.000006
0.000064
0.000008
0.000006
0.000034
0.000039
0.000001
0.000040
0.000011
0.000010
0.000022
0.000090
0.000006
0.000006
0.000001
0.000006
0.000058
0.000019
0.000022
0.000001
0.000002
0.000048
0.000005
0.000025
0.000011
0.000014
0.000031
0.000020
0.000005
0.000002
0.000010
0.000006
0.000011
0.000027
0.000024
0.000004
0.000013
0.000001
0.000000
0.000057
0.000002
0.000012
0.000012
0.000008
0.000004
0.000013
0.000019
0.000001
0.000004
0.000006
0.000012
0.000001
0.000003
0.000003
0.000007
0.000004
0.000006
0.000010
0.000000
0.000008
0.000002
0.000001
0.000048
0.000000
0.000000
0.000001
0.000000
0.000000
0.000000
0.000001
0.000023
0.000002
0.000004
0.000018
0.000001
0.000015
0.000001
0.000001
0.000000
0.000018
0.000011
0.000033
0.000006
0.000060
0.000007
0.000006
0.000031
0.000036
0.000001
0.000037
0.000011
0.000010
0.000021
0.000084
0.000005
0.000005
0.000001
0.000005
0.000054
0.000019
0.000021
0.000001
0.000002
0.000046
0.000004
0.000024
0.000011
0.000013
0.000029
0.000019
0.000004
0.000002
0.000010
0.000006
0.000010
0.000025
0.000023
0.000003
0.000012
0.000001
0.000000
0.000054
0.000002
0.000012
0.000011
0.000008
0.000004
0.000013
0.000018
0.000001
0.000004
0.000006
0.000012
0.000001
0.000003
0.000003
0.000007
0.000004
0.000005
0.000010
0.000000
0.000007
0.000002
0.000001
0.000046
0.000000
0.000000
0.000001
0.000000
0.000000
0.000000
0.000000
